Symbol,Series,Date,Prev Close,Open Price,High Price,Low Price,Last Price,Close Price,Average Price,Total Traded Quantity,Turnover in Lacs,No. of Trades,Deliverable Qty,% Dly Qt to Traded Qty
IVC,BE,02-Jan-2006,149.75,151.70,155.00,142.80,149.70,148.35,147.87,4948,7.32,-,-,-
IVC,BE,03-Jan-2006,148.35,145.00,150.65,145.00,147.00,146.50,146.75,6416,9.42,-,-,-
IVC,BE,04-Jan-2006,146.50,147.00,149.90,141.05,147.90,142.90,143.70,5450,7.83,-,-,-
IVC,BE,05-Jan-2006,142.90,142.00,146.85,137.75,140.00,138.30,141.11,821,1.16,-,-,-
IVC,BE,06-Jan-2006,138.30,136.00,145.25,133.05,145.25,145.25,143.67,6197,8.90,-,-,-
IVC,BE,09-Jan-2006,145.25,144.95,150.00,144.95,145.25,146.20,147.73,2724,4.02,-,-,-
IVC,BE,10-Jan-2006,146.20,144.00,151.00,140.75,148.00,145.50,147.71,3828,5.65,-,-,-
IVC,BE,12-Jan-2006,145.50,152.50,152.50,143.60,145.00,148.35,146.99,3117,4.58,-,-,-
IVC,BE,13-Jan-2006,148.35,154.00,155.80,151.00,155.80,155.80,154.48,3150,4.87,-,-,-
IVC,BE,16-Jan-2006,155.80,162.60,163.60,160.10,163.60,163.60,163.47,3522,5.76,-,-,-
IVC,BE,17-Jan-2006,163.60,171.80,171.80,171.80,171.80,171.80,171.80,3590,6.17,-,-,-
IVC,BE,18-Jan-2006,171.80,171.80,180.00,163.30,165.00,167.95,173.36,37466,64.95,-,-,-
IVC,BE,19-Jan-2006,167.95,169.00,175.00,165.00,168.20,169.05,171.22,9720,16.64,-,-,-
IVC,BE,20-Jan-2006,169.05,171.00,177.50,168.50,177.50,177.50,174.19,13850,24.13,-,-,-
IVC,BE,23-Jan-2006,177.50,186.30,186.40,183.15,186.40,186.40,186.31,4180,7.79,-,-,-
IVC,BE,24-Jan-2006,186.40,195.70,195.70,184.00,184.20,185.00,189.06,6191,11.70,-,-,-
IVC,BE,25-Jan-2006,185.00,190.95,194.20,186.00,190.05,193.30,192.74,19672,37.91,-,-,-
IVC,BE,27-Jan-2006,193.30,194.90,199.60,189.90,190.10,190.90,193.69,13391,25.94,-,-,-
IVC,BE,30-Jan-2006,190.90,185.00,192.50,181.50,185.80,183.50,184.32,4735,8.73,-,-,-
IVC,BE,31-Jan-2006,183.50,181.00,185.00,179.20,183.50,182.40,183.13,4100,7.51,-,-,-
IVC,BE,01-Feb-2006,182.40,189.35,189.35,181.00,181.00,181.00,183.26,6292,11.53,-,-,-
IVC,BE,02-Feb-2006,181.00,182.00,182.00,172.05,173.50,173.50,176.20,2011,3.54,-,-,-
IVC,BE,03-Feb-2006,173.50,170.00,182.20,165.00,182.20,182.20,174.49,8491,14.82,-,-,-
IVC,BE,06-Feb-2006,182.20,187.45,187.45,175.10,183.00,185.05,183.20,3046,5.58,-,-,-
IVC,BE,07-Feb-2006,185.05,177.00,180.00,176.05,177.00,177.00,178.35,2095,3.74,-,-,-
IVC,BE,08-Feb-2006,177.00,171.25,178.45,171.25,177.50,176.90,175.82,1229,2.16,-,-,-
IVC,BE,10-Feb-2006,176.90,170.00,183.95,170.00,176.00,180.05,179.65,1143,2.05,-,-,-
IVC,BE,13-Feb-2006,180.05,181.00,181.00,177.50,177.75,177.75,178.59,1426,2.55,-,-,-
IVC,BE,14-Feb-2006,177.75,183.00,186.50,174.00,182.50,182.25,182.26,4701,8.57,-,-,-
IVC,BE,15-Feb-2006,182.25,185.00,191.00,180.50,187.00,189.95,188.14,7304,13.74,-,-,-
IVC,BE,16-Feb-2006,189.95,190.00,199.45,187.60,199.45,199.45,194.70,5536,10.78,-,-,-
IVC,EQ,17-Feb-2006,199.45,206.00,209.45,202.90,209.45,209.45,208.13,17389,36.19,-,14355,82.55
IVC,EQ,20-Feb-2006,209.45,210.00,218.15,200.10,214.95,212.65,207.51,12660,26.27,-,6533,51.60
IVC,EQ,21-Feb-2006,212.65,212.75,223.30,212.75,223.30,223.30,221.52,18832,41.72,-,10253,54.44
IVC,EQ,22-Feb-2006,223.30,233.80,234.50,224.00,224.15,226.40,232.55,44741,104.04,-,29445,65.81
IVC,EQ,23-Feb-2006,226.40,227.00,228.50,216.25,219.90,217.25,219.43,7106,15.59,-,5185,72.97
IVC,EQ,24-Feb-2006,217.25,213.15,228.15,211.05,226.75,228.10,224.48,27521,61.78,-,14981,54.43
IVC,EQ,27-Feb-2006,228.10,226.00,237.70,216.75,218.50,218.10,223.04,6422,14.32,-,3679,57.29
IVC,EQ,28-Feb-2006,218.10,218.00,220.10,214.15,218.95,218.05,217.86,8558,18.64,-,5194,60.69
IVC,EQ,01-Mar-2006,218.05,218.00,228.95,218.00,226.00,226.15,226.03,20014,45.24,-,11712,58.52
IVC,EQ,02-Mar-2006,226.15,225.00,227.00,215.00,217.45,216.45,222.24,9210,20.47,-,6810,73.94
IVC,EQ,03-Mar-2006,216.45,220.90,220.90,212.00,214.95,213.75,215.98,3223,6.96,-,2449,75.99
IVC,EQ,06-Mar-2006,213.75,214.00,214.00,205.75,208.55,209.65,208.89,14619,30.54,-,10496,71.80
IVC,EQ,07-Mar-2006,209.65,205.65,209.50,203.00,204.75,203.55,206.70,11872,24.54,-,10408,87.67
IVC,EQ,08-Mar-2006,203.55,205.85,205.85,194.00,194.05,195.40,199.25,4651,9.27,-,3620,77.83
IVC,EQ,09-Mar-2006,195.40,195.00,195.00,185.75,187.05,190.65,190.04,6410,12.18,-,4816,75.13
IVC,EQ,10-Mar-2006,190.65,190.85,193.00,188.10,188.10,188.45,190.74,14811,28.25,-,13132,88.66
IVC,EQ,13-Mar-2006,188.45,190.00,190.00,187.30,187.50,187.50,189.08,7427,14.04,-,7275,97.95
IVC,EQ,14-Mar-2006,187.50,189.20,191.90,188.20,188.20,189.45,189.88,6960,13.22,-,5959,85.62
IVC,EQ,16-Mar-2006,189.45,190.00,190.00,183.55,184.00,185.15,187.54,8814,16.53,-,6579,74.64
IVC,EQ,17-Mar-2006,185.15,187.00,187.00,180.00,184.30,183.50,183.10,6402,11.72,-,3724,58.17
IVC,EQ,20-Mar-2006,183.50,182.00,189.95,182.00,182.50,185.15,186.06,18162,33.79,-,12881,70.92
IVC,EQ,21-Mar-2006,185.15,185.00,185.95,181.50,185.00,183.40,184.27,1102,2.03,-,809,73.41
IVC,EQ,22-Mar-2006,183.40,180.25,183.85,174.35,175.00,174.95,178.12,2897,5.16,-,2208,76.22
IVC,EQ,23-Mar-2006,174.95,183.10,183.10,167.15,174.10,174.95,174.72,4147,7.25,-,3388,81.70
IVC,EQ,24-Mar-2006,174.95,179.75,179.75,170.00,178.60,177.15,174.16,2620,4.56,-,1651,63.02
IVC,EQ,27-Mar-2006,177.15,171.00,186.05,171.00,185.80,185.65,185.72,15035,27.92,-,13210,87.86
IVC,EQ,28-Mar-2006,185.65,189.95,194.95,182.55,194.95,194.05,192.82,77428,149.30,-,57252,73.94
IVC,EQ,29-Mar-2006,194.05,203.75,203.75,198.20,203.75,203.75,201.90,165487,334.11,-,110662,66.87
IVC,EQ,30-Mar-2006,203.75,210.00,213.95,195.10,197.00,198.90,205.65,103307,212.45,-,59120,57.23
IVC,EQ,31-Mar-2006,198.90,203.70,208.45,199.00,200.15,200.30,202.94,74399,150.98,-,50318,67.63
IVC,EQ,03-Apr-2006,200.30,210.10,210.10,202.10,206.00,205.70,205.89,52460,108.01,-,40014,76.28
IVC,EQ,04-Apr-2006,205.70,209.00,216.00,203.15,216.00,216.00,213.03,283808,604.61,-,113573,40.02
IVC,EQ,05-Apr-2006,216.00,224.00,225.90,218.05,219.60,220.60,222.05,114983,255.32,-,75965,66.07
IVC,EQ,07-Apr-2006,220.60,223.80,227.40,215.00,220.00,219.85,221.96,96992,215.29,-,65190,67.21
IVC,EQ,10-Apr-2006,219.85,224.90,225.00,215.60,223.95,220.05,221.20,53158,117.59,-,36174,68.05
IVC,EQ,12-Apr-2006,220.05,220.00,221.75,215.00,215.00,216.30,218.56,13423,29.34,-,8854,65.96
IVC,EQ,13-Apr-2006,216.30,215.00,216.50,203.10,212.00,211.60,211.46,15814,33.44,-,8682,54.90
IVC,EQ,17-Apr-2006,211.60,220.00,232.80,212.35,226.00,222.75,225.27,56363,126.97,-,29799,52.87
IVC,EQ,18-Apr-2006,222.75,229.50,230.00,213.00,215.00,215.20,222.10,41851,92.95,-,24652,58.90
IVC,EQ,19-Apr-2006,215.20,220.00,220.00,213.00,215.00,215.25,216.94,13538,29.37,-,9808,72.45
IVC,EQ,20-Apr-2006,215.25,211.00,215.70,208.00,210.00,209.80,212.43,26438,56.16,-,17801,67.33
IVC,EQ,21-Apr-2006,209.80,215.00,217.10,205.00,207.00,207.65,210.48,27519,57.92,-,14442,52.48
IVC,EQ,24-Apr-2006,207.65,213.95,214.00,207.50,207.60,208.90,210.64,16014,33.73,-,9701,60.58
IVC,EQ,25-Apr-2006,208.90,210.00,210.95,205.50,206.00,206.50,208.83,6581,13.74,-,5145,78.18
IVC,EQ,26-Apr-2006,206.50,210.00,213.95,205.00,205.00,207.60,209.53,39038,81.79,-,22305,57.14
IVC,EQ,27-Apr-2006,207.60,209.90,213.00,207.05,209.05,208.65,210.40,18864,39.69,-,10577,56.07
IVC,EQ,28-Apr-2006,208.65,188.00,207.95,188.00,203.80,202.25,199.04,19245,38.30,-,7659,39.80
IVC,EQ,29-Apr-2006,202.25,205.05,208.95,202.20,206.95,207.05,206.68,8278,17.11,-,5053,61.04
IVC,EQ,02-May-2006,207.05,211.90,211.95,205.20,207.50,207.60,208.81,13718,28.64,-,8778,63.99
IVC,EQ,03-May-2006,207.60,205.00,211.05,199.00,202.90,203.80,205.85,43556,89.66,-,24474,56.19
IVC,EQ,04-May-2006,203.80,200.00,206.00,195.10,195.10,198.65,201.36,32823,66.09,-,20365,62.04
IVC,EQ,05-May-2006,198.65,204.00,217.00,200.00,203.35,205.30,208.55,39529,82.44,-,21207,53.65
IVC,EQ,08-May-2006,205.30,208.90,211.00,206.50,207.00,207.80,208.36,8814,18.36,-,7191,81.59
IVC,EQ,09-May-2006,207.80,202.00,209.00,202.00,207.25,207.25,206.49,8596,17.75,-,4036,46.95
IVC,EQ,10-May-2006,207.25,209.00,215.80,208.90,212.00,212.55,212.35,23090,49.03,-,17975,77.85
IVC,EQ,11-May-2006,212.55,212.00,222.00,205.05,206.50,208.40,213.34,13468,28.73,-,5947,44.16
IVC,EQ,12-May-2006,208.40,208.55,212.50,208.00,209.00,209.30,209.86,7658,16.07,-,6085,79.46
IVC,EQ,15-May-2006,209.30,208.00,210.90,202.30,206.95,203.75,205.81,11940,24.57,-,8431,70.61
IVC,EQ,16-May-2006,203.75,203.70,205.00,192.00,198.00,199.70,200.78,6434,12.92,-,4882,75.88
IVC,EQ,17-May-2006,199.70,205.00,206.00,202.00,203.30,204.55,204.47,4533,9.27,-,3208,70.77
IVC,EQ,18-May-2006,204.55,200.05,200.05,184.10,184.10,192.75,197.04,8183,16.12,-,5736,70.10
IVC,EQ,19-May-2006,192.75,199.80,199.80,173.50,177.00,174.25,187.44,6667,12.50,-,3545,53.17
IVC,EQ,22-May-2006,174.25,185.00,185.00,157.00,161.50,159.75,161.70,10404,16.82,-,8228,79.08
IVC,EQ,23-May-2006,159.75,162.75,167.75,153.35,167.75,167.75,164.29,3284,5.40,-,2363,71.95
IVC,EQ,24-May-2006,167.75,174.95,176.15,170.00,174.25,176.00,175.02,4620,8.09,-,2508,54.29
IVC,EQ,25-May-2006,176.00,170.00,184.75,167.95,182.05,182.50,175.61,3400,5.97,-,2182,64.18
IVC,EQ,26-May-2006,182.50,183.00,191.65,183.00,191.65,191.65,189.76,273,0.52,-,218,79.85
IVC,EQ,29-May-2006,191.65,201.25,201.25,201.25,201.25,201.25,201.25,1752,3.53,-,1430,81.62
IVC,EQ,30-May-2006,201.25,210.90,211.35,209.00,211.35,211.35,211.19,5008,10.58,-,4864,97.12
IVC,EQ,31-May-2006,211.35,220.00,221.50,200.80,221.50,218.80,210.05,33984,71.38,-,22580,66.44
IVC,EQ,01-Jun-2006,218.80,227.00,229.50,210.00,214.50,213.20,219.69,21592,47.44,-,13626,63.11
IVC,EQ,02-Jun-2006,213.20,208.00,210.00,202.60,207.00,204.35,204.77,17482,35.80,-,12060,68.99
IVC,EQ,05-Jun-2006,204.35,208.00,208.75,196.00,196.00,198.10,203.55,7583,15.44,-,5435,71.67
IVC,EQ,06-Jun-2006,198.10,196.00,202.00,191.35,195.50,196.20,195.55,18256,35.70,-,13136,71.95
IVC,EQ,07-Jun-2006,196.20,200.00,200.00,186.40,186.40,186.40,190.33,9143,17.40,-,5335,58.35
IVC,EQ,08-Jun-2006,186.40,184.00,184.00,177.10,177.10,177.10,177.17,524,0.93,-,523,99.81
IVC,EQ,09-Jun-2006,177.10,169.00,177.80,168.25,173.20,172.35,169.15,28866,48.83,-,15087,52.27
IVC,EQ,12-Jun-2006,172.35,181.75,189.00,166.00,172.00,171.90,175.29,8985,15.75,-,5170,57.54
IVC,EQ,13-Jun-2006,171.90,180.00,180.00,154.75,158.40,155.15,161.02,16761,26.99,-,9718,57.98
IVC,EQ,14-Jun-2006,155.15,158.50,162.95,147.50,149.95,148.90,156.22,7391,11.55,-,4041,54.67
IVC,EQ,15-Jun-2006,148.90,150.00,156.35,150.00,156.35,156.30,155.39,7246,11.26,-,5358,73.94
IVC,EQ,16-Jun-2006,156.30,163.05,164.15,163.05,164.15,164.15,164.01,367,0.60,-,365,99.46
IVC,EQ,19-Jun-2006,164.15,171.95,172.40,165.00,172.20,172.30,170.16,3784,6.44,-,2022,53.44
IVC,EQ,20-Jun-2006,172.30,179.80,179.80,170.00,176.00,176.80,174.63,3759,6.56,-,2343,62.33
IVC,EQ,21-Jun-2006,176.80,170.25,182.00,169.00,179.75,178.80,177.14,9906,17.55,-,5673,57.27
IVC,EQ,22-Jun-2006,178.80,186.00,186.00,177.50,177.50,179.05,180.81,14103,25.50,-,9041,64.11
IVC,EQ,23-Jun-2006,179.05,110.15,121.65,110.15,121.65,121.10,119.42,11705,13.98,-,7079,60.48
IVC,EQ,25-Jun-2006,121.10,122.00,127.00,122.00,126.10,126.15,125.38,773,0.97,-,732,94.70
IVC,EQ,26-Jun-2006,126.15,126.00,126.00,119.85,119.85,119.85,120.96,1279,1.55,-,1009,78.89
IVC,EQ,27-Jun-2006,119.85,115.50,123.00,113.90,113.90,113.90,114.59,1970,2.26,-,1857,94.26
IVC,EQ,28-Jun-2006,113.90,108.20,108.20,108.20,108.20,108.20,108.20,1434,1.55,-,1434,100.00
IVC,EQ,29-Jun-2006,108.20,108.00,109.00,102.80,104.00,104.25,103.52,11870,12.29,-,6659,56.10
IVC,EQ,30-Jun-2006,104.25,106.00,109.50,105.90,109.50,109.50,108.16,6939,7.50,-,5440,78.40
IVC,EQ,03-Jul-2006,109.50,112.00,114.50,110.05,112.45,112.45,112.47,5535,6.23,-,3168,57.24
IVC,EQ,04-Jul-2006,112.45,112.00,112.00,106.90,106.90,107.55,108.56,9624,10.45,-,9346,97.11
IVC,EQ,05-Jul-2006,107.55,108.00,111.00,105.65,107.00,107.00,107.69,15261,16.44,-,12341,80.87
IVC,EQ,06-Jul-2006,107.00,107.05,110.00,106.55,106.55,107.90,108.10,1277,1.38,-,916,71.73
IVC,EQ,07-Jul-2006,107.90,107.00,112.00,104.00,104.00,104.05,106.78,8683,9.27,-,6596,75.96
IVC,EQ,10-Jul-2006,104.05,100.00,107.40,100.00,104.00,103.85,103.99,802,0.83,-,508,63.34
IVC,EQ,11-Jul-2006,103.85,102.55,102.55,100.00,100.25,100.40,101.77,1864,1.90,-,1853,99.41
IVC,EQ,12-Jul-2006,100.40,100.10,103.95,96.20,101.05,101.35,99.93,2728,2.73,-,2154,78.96
IVC,EQ,13-Jul-2006,101.35,103.95,104.00,100.40,104.00,104.00,103.94,11027,11.46,-,10800,97.94
IVC,EQ,14-Jul-2006,104.00,108.95,108.95,99.20,101.20,101.20,101.90,2668,2.72,-,1670,62.59
IVC,EQ,17-Jul-2006,101.20,102.00,102.95,97.05,99.70,99.70,100.44,4422,4.44,-,4002,90.50
IVC,EQ,18-Jul-2006,99.70,99.00,103.00,99.00,102.80,101.95,102.06,3456,3.53,-,2107,60.97
IVC,EQ,19-Jul-2006,101.95,105.95,105.95,100.00,101.00,100.75,102.40,2712,2.78,-,1864,68.73
IVC,EQ,20-Jul-2006,100.75,103.00,105.80,99.35,105.80,105.75,103.98,2733,2.84,-,2580,94.40
IVC,EQ,21-Jul-2006,105.75,106.00,106.00,100.50,100.60,100.60,101.16,12535,12.68,-,7712,61.52
IVC,EQ,24-Jul-2006,100.60,98.35,105.45,98.35,103.00,102.70,102.00,5421,5.53,-,3569,65.84
IVC,EQ,25-Jul-2006,102.70,103.00,103.00,98.40,99.50,99.10,100.37,3677,3.69,-,2645,71.93
IVC,EQ,26-Jul-2006,99.10,100.00,104.10,100.00,104.10,104.10,103.39,15772,16.31,-,13119,83.18
IVC,EQ,27-Jul-2006,104.10,108.95,109.35,105.00,109.35,109.35,109.01,4738,5.17,-,3727,78.66
IVC,EQ,28-Jul-2006,109.35,107.15,114.80,107.15,112.20,113.55,112.91,6095,6.88,-,2507,41.13
IVC,EQ,31-Jul-2006,113.55,113.50,119.25,113.50,117.70,118.45,118.52,10874,12.89,-,7495,68.93
IVC,EQ,01-Aug-2006,118.45,117.70,123.75,113.00,116.00,113.60,114.87,5746,6.60,-,4116,71.63
IVC,EQ,02-Aug-2006,113.60,117.00,118.00,116.00,117.30,117.30,116.38,1273,1.48,-,1271,99.84
IVC,EQ,03-Aug-2006,117.30,118.00,120.00,112.00,112.00,114.35,116.74,5198,6.07,-,4259,81.94
IVC,EQ,04-Aug-2006,114.35,114.00,114.00,113.10,113.10,113.10,113.27,6717,7.61,-,6708,99.87
IVC,EQ,07-Aug-2006,113.10,111.00,114.00,111.00,114.00,112.55,112.34,1162,1.31,-,1085,93.37
IVC,EQ,08-Aug-2006,112.55,111.35,117.00,111.30,113.50,113.50,114.11,1996,2.28,-,1520,76.15
IVC,EQ,09-Aug-2006,113.50,114.50,118.25,112.00,116.50,115.50,115.54,3978,4.60,-,2634,66.21
IVC,EQ,10-Aug-2006,115.50,115.50,117.00,113.05,114.00,113.95,114.10,2102,2.40,-,1809,86.06
IVC,EQ,11-Aug-2006,113.95,109.25,120.00,109.25,119.00,116.45,114.97,6228,7.16,-,5752,92.36
IVC,EQ,14-Aug-2006,116.45,123.00,128.10,120.00,125.50,127.80,126.23,12040,15.20,-,7536,62.59
IVC,EQ,16-Aug-2006,127.80,131.00,132.00,120.40,121.10,121.75,125.87,10114,12.73,-,8012,79.22
IVC,EQ,17-Aug-2006,121.75,121.50,124.00,117.00,118.50,118.40,119.52,3892,4.65,-,1169,30.04
IVC,EQ,18-Aug-2006,118.40,119.95,120.05,117.55,118.05,118.40,118.86,4342,5.16,-,3092,71.21
IVC,EQ,21-Aug-2006,118.40,119.70,122.85,118.15,121.00,121.85,120.76,3702,4.47,-,2900,78.34
IVC,EQ,22-Aug-2006,121.85,121.50,121.50,118.05,118.05,118.10,118.91,2530,3.01,-,1984,78.42
IVC,EQ,23-Aug-2006,118.10,119.95,119.95,117.25,117.50,117.55,117.76,773,0.91,-,675,87.32
IVC,EQ,24-Aug-2006,117.55,120.95,120.95,115.65,119.90,118.50,117.52,1582,1.86,-,1232,77.88
IVC,EQ,25-Aug-2006,118.50,111.00,122.70,111.00,121.95,121.45,120.64,4017,4.85,-,3559,88.60
IVC,EQ,28-Aug-2006,121.45,121.00,122.50,120.80,122.35,122.15,121.87,3821,4.66,-,3665,95.92
IVC,EQ,29-Aug-2006,122.15,123.00,123.85,120.00,123.00,122.15,122.67,4159,5.10,-,3072,73.86
IVC,EQ,30-Aug-2006,122.15,119.00,122.90,119.00,122.70,122.20,122.20,2452,3.00,-,2142,87.36
IVC,EQ,31-Aug-2006,122.20,125.00,126.00,123.00,125.00,124.40,124.63,10592,13.20,-,7578,71.54
IVC,EQ,01-Sep-2006,124.40,129.00,136.85,125.25,136.85,136.85,133.62,52603,70.29,-,29536,56.15
IVC,EQ,04-Sep-2006,136.85,145.00,145.60,139.10,141.70,141.25,142.59,47500,67.73,-,31035,65.34
IVC,EQ,05-Sep-2006,141.25,143.00,145.00,138.00,141.60,141.50,141.76,86990,123.32,-,80213,92.21
IVC,EQ,06-Sep-2006,141.50,145.00,145.00,139.60,139.65,140.40,142.25,26322,37.44,-,22515,85.54
IVC,EQ,07-Sep-2006,140.40,143.00,147.45,140.00,147.45,147.45,144.12,28914,41.67,-,20928,72.38
IVC,EQ,08-Sep-2006,147.45,152.00,153.45,146.15,149.20,149.20,149.75,34927,52.30,-,25604,73.31
IVC,EQ,11-Sep-2006,149.20,149.20,150.00,143.00,144.50,144.90,146.72,21137,31.01,-,16145,76.38
IVC,EQ,12-Sep-2006,144.90,143.00,152.15,139.00,149.00,149.10,144.61,30055,43.46,-,21499,71.53
IVC,EQ,13-Sep-2006,149.10,151.75,154.45,148.25,148.45,149.45,150.50,33058,49.75,-,23641,71.51
IVC,EQ,14-Sep-2006,149.45,146.30,151.90,146.30,147.15,148.20,148.90,12219,18.19,-,8149,66.69
IVC,EQ,15-Sep-2006,148.20,145.05,148.95,145.00,146.95,146.55,146.56,7480,10.96,-,6361,85.04
IVC,EQ,18-Sep-2006,146.55,153.00,153.00,143.70,143.70,145.25,147.73,15147,22.38,-,8314,54.89
IVC,EQ,19-Sep-2006,145.25,149.10,149.10,141.00,141.50,141.75,142.21,22329,31.75,-,15155,67.87
IVC,EQ,20-Sep-2006,141.75,137.00,146.75,137.00,145.80,143.70,143.21,16021,22.94,-,9765,60.95
IVC,EQ,21-Sep-2006,143.70,143.00,150.90,143.00,150.50,149.90,149.66,38541,57.68,-,30159,78.25
IVC,EQ,22-Sep-2006,149.90,150.00,151.00,145.00,145.45,147.05,148.77,9637,14.34,-,6514,67.59
IVC,EQ,25-Sep-2006,147.05,145.55,150.00,145.05,148.00,149.00,147.72,8549,12.63,-,6098,71.33
IVC,EQ,26-Sep-2006,149.00,148.00,149.45,147.30,147.40,147.95,148.09,9498,14.07,-,9121,96.03
IVC,EQ,27-Sep-2006,147.95,146.00,149.90,146.00,148.05,148.05,148.37,14144,20.98,-,12447,88.00
IVC,EQ,28-Sep-2006,148.05,145.00,150.40,145.00,150.00,149.95,148.97,13552,20.19,-,12128,89.49
IVC,EQ,29-Sep-2006,149.95,149.75,155.00,149.25,154.05,154.60,153.13,23215,35.55,-,14635,63.04
IVC,EQ,03-Oct-2006,154.60,151.30,154.80,150.05,150.95,152.05,152.01,10395,15.80,-,8053,77.47
IVC,EQ,04-Oct-2006,152.05,157.50,157.50,151.50,152.55,153.10,153.71,7642,11.75,-,6125,80.15
IVC,EQ,05-Oct-2006,153.10,157.50,160.80,148.00,160.80,160.10,157.62,25644,40.42,-,19253,75.08
IVC,EQ,06-Oct-2006,160.10,160.30,168.15,160.30,168.15,168.15,166.17,14983,24.90,-,14053,93.79
IVC,EQ,09-Oct-2006,168.15,176.60,176.60,176.60,176.60,176.60,176.60,5312,9.38,-,5312,100.00
IVC,EQ,10-Oct-2006,176.60,185.45,185.45,168.00,175.00,173.40,178.74,54581,97.56,-,22701,41.59
IVC,EQ,11-Oct-2006,173.40,174.00,176.00,168.00,171.40,170.10,173.73,23482,40.79,-,17160,73.08
IVC,EQ,12-Oct-2006,170.10,172.00,178.65,170.00,178.65,178.65,176.32,44669,78.76,-,20705,46.35
IVC,EQ,13-Oct-2006,178.65,180.00,180.00,169.75,171.00,170.15,175.42,35823,62.84,-,22696,63.36
IVC,EQ,16-Oct-2006,170.15,171.60,171.60,161.65,161.65,161.65,162.08,24129,39.11,-,20084,83.24
IVC,EQ,17-Oct-2006,161.65,163.00,163.00,153.60,155.25,155.45,156.40,51794,81.01,-,37379,72.17
IVC,EQ,18-Oct-2006,155.45,156.70,156.70,148.10,149.05,149.45,151.80,21611,32.81,-,17585,81.37
IVC,EQ,19-Oct-2006,149.45,153.90,154.95,149.00,154.90,153.55,152.13,13416,20.41,-,10793,80.45
IVC,EQ,20-Oct-2006,153.55,155.55,161.00,150.05,151.55,151.85,155.81,16117,25.11,-,11242,69.75
IVC,EQ,21-Oct-2006,151.85,158.70,158.70,155.05,156.90,156.65,156.83,1545,2.42,-,1078,69.77
IVC,EQ,23-Oct-2006,156.65,157.05,157.05,153.00,153.00,153.00,154.16,18298,28.21,-,16939,92.57
IVC,EQ,26-Oct-2006,153.00,153.90,154.95,152.00,152.00,152.25,152.85,10240,15.65,-,8742,85.37
IVC,EQ,27-Oct-2006,152.25,156.00,156.00,151.20,152.10,152.45,152.60,13776,21.02,-,12111,87.91
IVC,EQ,30-Oct-2006,152.45,152.80,160.10,152.80,159.90,159.55,157.12,27131,42.63,-,16225,59.80
IVC,EQ,31-Oct-2006,159.55,163.80,163.80,153.15,158.90,157.25,156.38,16584,25.93,-,15202,91.67
IVC,EQ,01-Nov-2006,157.25,155.05,163.95,155.00,161.50,162.25,160.39,17680,28.36,-,14021,79.30
IVC,EQ,02-Nov-2006,162.25,161.90,163.50,156.00,162.90,162.15,160.83,17555,28.23,-,14761,84.08
IVC,EQ,03-Nov-2006,162.15,167.80,167.80,160.25,164.00,163.10,163.28,10433,17.03,-,7535,72.22
IVC,EQ,06-Nov-2006,163.10,162.15,165.85,162.15,164.50,164.15,164.26,11122,18.27,-,8360,75.17
IVC,EQ,07-Nov-2006,164.15,165.85,166.00,157.00,157.00,158.60,161.27,21957,35.41,-,19552,89.05
IVC,EQ,08-Nov-2006,158.60,153.00,160.00,153.00,154.75,156.00,158.21,17885,28.30,-,13130,73.41
IVC,EQ,09-Nov-2006,156.00,159.85,163.80,156.50,162.25,163.05,162.87,23616,38.46,-,17956,76.03
IVC,EQ,10-Nov-2006,163.05,169.00,169.00,158.10,160.70,161.50,160.77,4478,7.20,-,3283,73.31
IVC,EQ,13-Nov-2006,161.50,159.00,163.90,156.50,160.35,160.10,159.25,11592,18.46,-,7123,61.45
IVC,EQ,14-Nov-2006,160.10,158.60,161.45,158.00,160.00,160.00,159.57,11032,17.60,-,7282,66.01
IVC,EQ,15-Nov-2006,160.00,156.20,158.50,156.05,158.00,157.80,157.03,2699,4.24,-,2040,75.58
IVC,EQ,16-Nov-2006,157.80,158.05,164.00,156.05,157.50,158.45,159.64,9546,15.24,-,8463,88.65
IVC,EQ,17-Nov-2006,158.45,157.00,157.30,150.10,152.00,152.40,154.84,5241,8.11,-,4651,88.74
IVC,EQ,20-Nov-2006,152.40,149.80,154.95,144.05,150.80,152.50,150.55,9129,13.74,-,6645,72.79
IVC,EQ,21-Nov-2006,152.50,152.50,160.00,152.50,155.00,155.10,156.51,4677,7.32,-,3075,65.75
IVC,EQ,22-Nov-2006,155.10,158.95,158.95,150.00,150.00,151.10,152.35,4229,6.44,-,3195,75.55
IVC,EQ,23-Nov-2006,151.10,158.70,158.70,146.15,146.15,148.65,151.62,11186,16.96,-,10337,92.41
IVC,EQ,24-Nov-2006,148.65,151.00,153.00,146.05,149.00,148.85,148.63,6547,9.73,-,4933,75.35
IVC,EQ,27-Nov-2006,148.85,149.00,152.20,148.50,149.00,149.25,149.66,2408,3.60,-,1917,79.61
IVC,EQ,28-Nov-2006,149.25,148.00,149.05,145.95,146.60,146.70,148.12,3896,5.77,-,3258,83.62
IVC,EQ,29-Nov-2006,146.70,148.00,149.80,146.65,147.10,147.20,147.41,13161,19.40,-,11998,91.16
IVC,EQ,30-Nov-2006,147.20,149.40,151.85,147.60,147.60,148.70,149.94,6381,9.57,-,4986,78.14
IVC,EQ,01-Dec-2006,148.70,147.50,152.00,147.50,148.50,148.50,150.28,6755,10.15,-,3892,57.62
IVC,EQ,04-Dec-2006,148.50,147.55,152.50,147.05,148.05,148.20,149.72,13471,20.17,-,10387,77.11
IVC,EQ,05-Dec-2006,148.20,148.90,148.90,145.00,145.05,145.35,146.83,7506,11.02,-,7115,94.79
IVC,EQ,06-Dec-2006,145.35,142.10,146.20,142.05,142.25,142.70,144.82,10468,15.16,-,9754,93.18
IVC,EQ,07-Dec-2006,142.70,142.30,143.00,141.65,141.75,141.70,142.48,1509,2.15,-,1117,74.02
IVC,EQ,08-Dec-2006,141.70,142.25,143.75,140.00,140.00,140.60,141.82,3182,4.51,-,2854,89.69
IVC,EQ,11-Dec-2006,140.60,146.00,146.00,135.00,139.90,139.30,138.11,17416,24.05,-,13890,79.75
IVC,EQ,12-Dec-2006,139.30,140.00,142.00,136.00,140.00,138.25,140.02,12244,17.14,-,11821,96.55
IVC,EQ,13-Dec-2006,138.25,125.15,142.00,125.15,136.00,136.05,134.32,2730,3.67,-,2126,77.88
IVC,EQ,14-Dec-2006,136.05,138.00,145.00,138.00,143.10,144.10,143.64,13542,19.45,-,12725,93.97
IVC,EQ,15-Dec-2006,144.10,145.90,147.50,140.00,142.85,141.90,143.61,40081,57.56,-,17477,43.60
IVC,EQ,18-Dec-2006,141.90,142.00,142.00,136.05,136.10,136.20,137.50,2189,3.01,-,2053,93.79
IVC,EQ,19-Dec-2006,136.20,139.95,139.95,131.15,132.75,132.30,133.67,11020,14.73,-,6758,61.32
IVC,EQ,20-Dec-2006,132.30,135.00,135.00,133.50,133.50,133.50,133.95,2689,3.60,-,2494,92.75
IVC,EQ,21-Dec-2006,133.50,133.00,133.00,130.00,130.85,131.25,131.66,6039,7.95,-,5404,89.49
IVC,EQ,22-Dec-2006,131.25,132.95,132.95,129.15,132.00,131.00,131.39,9329,12.26,-,8660,92.83
IVC,EQ,26-Dec-2006,131.00,135.00,135.95,132.30,133.35,134.45,134.75,6137,8.27,-,4522,73.68
IVC,EQ,27-Dec-2006,134.45,135.00,136.00,130.30,133.50,134.35,134.45,1712,2.30,-,1155,67.46
IVC,EQ,28-Dec-2006,134.35,144.90,144.90,132.80,134.90,133.10,134.37,6028,8.10,-,5165,85.68
IVC,EQ,29-Dec-2006,133.10,133.20,135.85,133.00,134.75,134.10,133.62,1872,2.50,-,1388,74.15
IVC,EQ,02-Jan-2007,134.10,128.00,133.95,128.00,131.00,131.00,131.85,3442,4.54,-,2875,83.53
IVC,EQ,03-Jan-2007,131.00,122.00,131.00,122.00,128.40,128.40,129.75,15675,20.34,-,14882,94.94
IVC,EQ,04-Jan-2007,128.40,128.10,141.25,128.10,139.30,140.35,139.10,20573,28.62,-,18565,90.24
IVC,EQ,05-Jan-2007,140.35,144.00,148.00,137.30,143.60,143.70,141.93,25112,35.64,-,21158,84.25
IVC,EQ,08-Jan-2007,143.70,147.45,147.45,139.00,139.00,140.10,142.79,5843,8.34,-,5012,85.78
IVC,EQ,09-Jan-2007,140.10,138.60,140.40,135.55,137.50,137.00,138.31,5843,8.08,-,3820,65.38
IVC,EQ,10-Jan-2007,137.00,136.05,145.80,136.00,142.00,142.95,142.87,14702,21.01,-,7089,48.22
IVC,EQ,11-Jan-2007,142.95,142.00,147.90,142.00,143.00,144.65,146.07,26201,38.27,-,12885,49.18
IVC,EQ,12-Jan-2007,144.65,142.55,147.90,142.55,143.00,143.20,145.73,10754,15.67,-,6693,62.24
IVC,EQ,15-Jan-2007,143.20,132.00,147.20,132.00,147.20,145.75,144.51,23132,33.43,-,17134,74.07
IVC,EQ,16-Jan-2007,145.75,145.75,145.75,137.95,140.35,139.75,140.32,26047,36.55,-,18603,71.42
IVC,EQ,17-Jan-2007,139.75,140.15,141.50,138.00,138.20,138.55,139.90,6174,8.64,-,5949,96.36
IVC,EQ,18-Jan-2007,138.55,140.00,142.00,135.00,135.20,136.15,137.25,25359,34.81,-,20061,79.11
IVC,EQ,19-Jan-2007,136.15,136.00,140.95,135.10,140.90,140.35,137.43,18003,24.74,-,15194,84.40
IVC,EQ,22-Jan-2007,140.35,140.00,140.00,128.60,133.00,132.05,131.12,42065,55.16,-,36011,85.61
IVC,EQ,23-Jan-2007,132.05,133.00,140.00,133.00,138.00,139.20,137.92,21526,29.69,-,19080,88.64
IVC,EQ,24-Jan-2007,139.20,141.00,143.00,135.10,135.50,135.40,139.86,4070,5.69,-,2780,68.30
IVC,EQ,25-Jan-2007,135.40,136.10,140.75,136.10,139.00,139.00,139.58,16206,22.62,-,13235,81.67
IVC,EQ,29-Jan-2007,139.00,141.90,152.50,140.00,147.15,147.15,147.87,61157,90.43,-,49419,80.81
IVC,EQ,31-Jan-2007,147.15,148.00,171.50,137.60,158.05,162.55,156.20,54998,85.91,-,36887,67.07
IVC,EQ,01-Feb-2007,162.55,167.00,167.00,155.10,159.95,159.80,158.72,43591,69.19,-,31082,71.30
IVC,EQ,02-Feb-2007,159.80,155.50,162.00,155.50,157.00,157.05,157.84,17741,28.00,-,13551,76.38
IVC,EQ,05-Feb-2007,157.05,158.00,160.00,156.45,158.30,158.75,158.25,15770,24.96,-,13333,84.55
IVC,EQ,06-Feb-2007,158.75,159.00,167.40,159.00,161.00,161.60,163.38,22223,36.31,-,14884,66.98
IVC,EQ,07-Feb-2007,161.60,164.70,175.60,164.70,172.10,169.60,170.67,62310,106.34,-,34351,55.13
IVC,EQ,08-Feb-2007,169.60,169.95,172.80,162.10,170.10,170.85,167.77,15767,26.45,-,10815,68.59
IVC,EQ,09-Feb-2007,170.85,171.95,172.00,158.50,160.00,161.85,163.58,12681,20.74,-,9086,71.65
IVC,EQ,12-Feb-2007,161.85,160.00,160.00,146.05,157.95,153.20,150.78,13392,20.19,-,6882,51.39
IVC,EQ,13-Feb-2007,153.20,153.55,160.00,153.55,159.00,155.95,157.12,10816,16.99,-,8098,74.87
IVC,EQ,14-Feb-2007,155.95,154.00,154.95,148.50,153.90,154.10,151.70,14782,22.42,-,13486,91.23
IVC,EQ,15-Feb-2007,154.10,159.90,159.95,155.10,156.00,156.60,156.98,11907,18.69,-,9038,75.90
IVC,EQ,19-Feb-2007,156.60,158.00,172.30,158.00,166.05,167.40,167.84,32977,55.35,-,22495,68.21
IVC,EQ,20-Feb-2007,167.40,169.75,184.00,167.10,168.10,168.30,178.05,73300,130.51,-,51189,69.83
IVC,EQ,21-Feb-2007,168.30,171.00,174.00,165.00,169.00,166.65,170.95,7607,13.00,-,4197,55.17
IVC,EQ,22-Feb-2007,166.65,165.35,168.95,163.90,165.95,164.40,165.10,8233,13.59,-,6905,83.87
IVC,EQ,23-Feb-2007,164.40,161.15,166.80,158.05,163.50,161.80,162.46,10767,17.49,-,6941,64.47
IVC,EQ,26-Feb-2007,161.80,157.10,162.50,157.05,161.65,161.20,160.55,3632,5.83,-,2383,65.61
IVC,EQ,27-Feb-2007,161.20,159.35,163.95,158.00,158.00,158.00,160.26,2255,3.61,-,2221,98.49
IVC,EQ,28-Feb-2007,158.00,150.00,160.00,150.00,159.00,157.80,157.18,10382,16.32,-,8139,78.40
IVC,EQ,01-Mar-2007,157.80,153.45,157.00,144.10,150.25,152.80,152.93,9470,14.48,-,7248,76.54
IVC,EQ,02-Mar-2007,152.80,151.00,154.65,147.05,150.00,149.60,151.28,6685,10.11,-,5707,85.37
IVC,EQ,05-Mar-2007,149.60,149.50,152.05,136.45,148.10,150.25,146.86,14399,21.15,-,12365,85.87
IVC,EQ,06-Mar-2007,150.25,145.70,153.70,144.05,146.00,145.95,147.08,7251,10.66,-,4545,62.68
IVC,EQ,07-Mar-2007,145.95,145.70,147.00,140.40,142.85,142.00,146.04,4937,7.21,-,3648,73.89
IVC,EQ,08-Mar-2007,142.00,142.00,143.00,137.50,139.60,140.75,140.14,4814,6.75,-,4456,92.56
IVC,EQ,09-Mar-2007,140.75,139.00,144.00,138.00,138.00,138.10,139.48,1666,2.32,-,1475,88.54
IVC,EQ,12-Mar-2007,138.10,136.65,143.70,136.65,141.35,141.35,140.91,2690,3.79,-,2548,94.72
IVC,EQ,13-Mar-2007,141.35,135.45,144.50,135.45,144.50,144.30,142.15,3410,4.85,-,2830,82.99
IVC,EQ,14-Mar-2007,144.30,132.20,146.80,132.15,144.95,144.45,143.27,6052,8.67,-,5355,88.48
IVC,EQ,15-Mar-2007,144.45,139.45,145.40,139.45,144.00,144.10,143.96,1251,1.80,-,821,65.63
IVC,EQ,16-Mar-2007,144.10,142.30,144.00,136.00,139.40,139.00,140.18,1511,2.12,-,985,65.19
IVC,EQ,19-Mar-2007,139.00,142.20,142.20,133.20,138.00,137.55,139.02,5782,8.04,-,3757,64.98
IVC,EQ,20-Mar-2007,137.55,140.00,140.00,134.15,135.10,137.05,136.34,6171,8.41,-,4577,74.17
IVC,EQ,21-Mar-2007,137.05,133.65,137.00,126.50,130.90,127.65,131.87,5248,6.92,-,4921,93.77
IVC,EQ,22-Mar-2007,127.65,131.00,134.75,130.25,132.85,131.15,132.74,2844,3.78,-,1844,64.84
IVC,EQ,23-Mar-2007,131.15,131.00,135.00,130.00,131.00,132.10,133.21,10217,13.61,-,4606,45.08
IVC,EQ,26-Mar-2007,132.10,132.40,132.40,128.00,128.00,128.25,129.54,2948,3.82,-,1775,60.21
IVC,EQ,28-Mar-2007,128.25,133.30,133.30,125.50,127.85,127.50,128.71,7080,9.11,-,5191,73.32
IVC,EQ,29-Mar-2007,127.50,127.40,130.00,126.10,130.00,129.85,127.97,1017,1.30,-,781,76.79
IVC,EQ,30-Mar-2007,129.85,130.00,132.20,126.10,130.00,131.35,130.61,16569,21.64,-,12703,76.67
IVC,EQ,02-Apr-2007,131.35,119.10,130.50,119.10,130.00,129.85,129.77,10320,13.39,-,9345,90.55
IVC,EQ,03-Apr-2007,129.85,128.05,129.00,127.00,127.00,127.65,128.16,3397,4.35,-,2840,83.60
IVC,EQ,04-Apr-2007,127.65,127.65,130.00,125.50,125.50,127.10,129.05,4623,5.97,-,4027,87.11
IVC,EQ,05-Apr-2007,127.10,126.10,133.95,126.00,132.00,131.90,131.76,8088,10.66,-,5907,73.03
IVC,EQ,09-Apr-2007,131.90,132.50,136.20,132.50,135.75,135.15,134.64,2611,3.52,-,2400,91.92
IVC,EQ,10-Apr-2007,135.15,136.00,139.00,132.60,135.75,136.35,136.97,6862,9.40,-,5086,74.12
IVC,EQ,11-Apr-2007,136.35,142.00,143.00,136.90,137.50,138.00,139.71,3428,4.79,-,2627,76.63
IVC,EQ,12-Apr-2007,138.00,134.15,134.15,133.60,133.60,133.60,133.61,51,0.07,-,50,98.04
IVC,EQ,13-Apr-2007,133.60,133.00,138.00,133.00,135.00,133.20,134.09,1910,2.56,-,1565,81.94
IVC,EQ,16-Apr-2007,133.20,138.00,143.00,134.25,143.00,141.45,138.98,5070,7.05,-,4598,90.69
IVC,EQ,17-Apr-2007,141.45,140.10,152.90,140.10,147.30,146.80,146.45,16843,24.67,-,14175,84.16
IVC,EQ,18-Apr-2007,146.80,148.10,150.00,145.00,147.10,147.25,147.93,6510,9.63,-,6268,96.28
IVC,EQ,19-Apr-2007,147.25,142.70,147.00,142.70,143.15,143.20,143.95,2089,3.01,-,1884,90.19
IVC,EQ,20-Apr-2007,143.20,154.80,156.00,141.60,145.95,144.45,145.04,1960,2.84,-,1658,84.59
IVC,EQ,23-Apr-2007,144.45,151.00,151.00,140.00,141.60,141.60,142.04,3225,4.58,-,2729,84.62
IVC,EQ,24-Apr-2007,141.60,140.00,143.25,140.00,141.00,140.80,141.47,2629,3.72,-,2384,90.68
IVC,EQ,25-Apr-2007,140.80,140.00,143.00,138.05,139.95,139.95,140.66,3541,4.98,-,2874,81.16
IVC,EQ,26-Apr-2007,139.95,140.05,142.90,130.00,140.45,139.70,139.56,2156,3.01,-,1300,60.30
IVC,EQ,27-Apr-2007,139.70,138.10,139.50,136.50,138.50,137.20,137.88,984,1.36,-,958,97.36
IVC,EQ,30-Apr-2007,137.20,132.10,150.95,132.10,150.95,150.55,146.65,12334,18.09,-,9821,79.63
IVC,EQ,03-May-2007,150.55,155.00,155.00,151.30,152.05,152.25,153.30,12978,19.89,-,10304,79.40
IVC,EQ,04-May-2007,152.25,150.00,152.00,149.00,149.00,149.60,150.38,3988,6.00,-,3650,91.52
IVC,EQ,07-May-2007,149.60,150.10,150.95,149.00,149.00,149.00,149.17,6607,9.86,-,5754,87.09
IVC,EQ,08-May-2007,149.00,150.00,153.70,146.20,149.00,149.00,149.48,12278,18.35,-,10588,86.24
IVC,EQ,09-May-2007,149.00,149.00,150.00,146.50,147.00,146.70,148.49,2176,3.23,-,1723,79.18
IVC,EQ,10-May-2007,146.70,145.00,146.90,141.50,144.00,143.45,145.71,3640,5.30,-,3231,88.76
IVC,EQ,11-May-2007,143.45,141.65,144.00,141.05,142.00,142.55,142.13,1187,1.69,-,814,68.58
IVC,EQ,14-May-2007,142.55,141.25,145.00,141.00,141.45,141.65,143.05,5121,7.33,-,4938,96.43
IVC,EQ,15-May-2007,141.65,141.65,142.90,141.50,141.50,142.05,141.92,1065,1.51,-,914,85.82
IVC,EQ,16-May-2007,142.05,143.00,156.20,143.00,156.00,155.10,153.43,10684,16.39,-,9686,90.66
IVC,EQ,17-May-2007,155.10,159.90,159.90,145.60,146.30,146.45,150.39,8448,12.70,-,7121,84.29
IVC,EQ,18-May-2007,146.45,146.00,151.50,143.15,144.00,144.65,145.33,7300,10.61,-,5714,78.27
IVC,EQ,21-May-2007,144.65,149.00,150.00,143.75,143.85,144.05,147.33,5324,7.84,-,3757,70.57
IVC,EQ,22-May-2007,144.05,141.05,153.00,137.50,148.00,149.60,145.38,8850,12.87,-,4223,47.72
IVC,EQ,23-May-2007,149.60,144.45,152.95,144.45,149.00,148.80,151.07,4395,6.64,-,2779,63.23
IVC,EQ,24-May-2007,148.80,145.40,149.00,142.25,143.55,144.85,146.05,1820,2.66,-,1710,93.96
IVC,EQ,25-May-2007,144.85,144.80,147.95,143.15,145.00,145.00,144.80,2736,3.96,-,2511,91.78
IVC,EQ,28-May-2007,145.00,145.10,147.50,142.55,143.00,143.10,145.24,20477,29.74,-,19441,94.94
IVC,EQ,29-May-2007,143.10,149.75,149.75,142.35,145.00,142.90,147.80,14106,20.85,-,13878,98.38
IVC,EQ,30-May-2007,142.90,149.95,153.00,139.00,142.00,141.50,148.41,31116,46.18,-,29085,93.47
IVC,EQ,31-May-2007,141.50,146.00,146.00,140.50,142.65,143.95,142.61,3516,5.01,-,3025,86.04
IVC,EQ,01-Jun-2007,143.95,144.85,147.70,140.65,140.65,141.70,144.16,5093,7.34,-,2889,56.72
IVC,EQ,04-Jun-2007,141.70,142.15,145.00,141.50,142.95,141.95,142.09,12617,17.93,-,12455,98.72
IVC,EQ,05-Jun-2007,141.95,140.60,149.90,138.05,140.00,139.45,141.00,5924,8.35,-,5195,87.69
IVC,EQ,06-Jun-2007,139.45,140.00,140.90,136.30,138.00,137.85,138.90,22411,31.13,-,21793,97.24
IVC,EQ,07-Jun-2007,137.85,138.00,138.50,135.20,136.80,136.75,137.62,16692,22.97,-,16635,99.66
IVC,EQ,08-Jun-2007,136.75,137.80,138.50,134.00,135.10,135.90,136.45,10454,14.26,-,9412,90.03
IVC,EQ,11-Jun-2007,135.90,138.45,138.45,132.15,135.95,134.90,134.61,3552,4.78,-,3083,86.80
IVC,EQ,12-Jun-2007,134.90,134.90,135.35,132.00,132.55,133.35,133.50,2223,2.97,-,1267,57.00
IVC,EQ,13-Jun-2007,133.35,132.30,135.75,132.25,135.70,133.60,133.49,2132,2.85,-,1880,88.18
IVC,EQ,14-Jun-2007,133.60,134.50,137.90,132.15,136.70,137.40,134.71,2506,3.38,-,1570,62.65
IVC,EQ,15-Jun-2007,137.40,139.80,139.85,133.00,133.50,133.90,134.44,4715,6.34,-,2953,62.63
IVC,EQ,18-Jun-2007,133.90,134.05,135.55,134.00,135.00,135.50,134.69,4911,6.61,-,4144,84.38
IVC,EQ,19-Jun-2007,135.50,138.00,138.00,133.25,137.30,137.30,136.57,762,1.04,-,558,73.23
IVC,EQ,20-Jun-2007,137.30,133.35,145.00,133.35,140.00,139.95,139.09,11388,15.84,-,7948,69.79
IVC,EQ,21-Jun-2007,139.95,138.50,139.95,135.10,135.10,135.10,137.76,8423,11.60,-,6727,79.86
IVC,EQ,22-Jun-2007,135.10,137.75,145.00,134.50,135.30,136.85,138.87,23445,32.56,-,17173,73.25
IVC,EQ,25-Jun-2007,136.85,136.40,137.00,132.80,133.95,133.00,134.31,5799,7.79,-,5574,96.12
IVC,EQ,26-Jun-2007,133.00,134.00,135.00,132.50,132.50,133.35,133.59,8248,11.02,-,7200,87.29
IVC,EQ,27-Jun-2007,133.35,132.50,138.00,132.50,138.00,137.45,135.37,2314,3.13,-,1908,82.45
IVC,EQ,28-Jun-2007,137.45,136.10,151.00,136.10,143.05,143.00,145.22,12456,18.09,-,8245,66.19
IVC,EQ,29-Jun-2007,143.00,140.25,157.30,140.00,157.30,157.30,155.52,17892,27.83,-,14740,82.38
IVC,EQ,02-Jul-2007,157.30,159.00,167.00,153.10,156.70,155.00,159.69,17813,28.45,-,11814,66.32
IVC,EQ,03-Jul-2007,155.00,156.00,164.00,154.00,164.00,163.30,160.39,32856,52.70,-,28172,85.74
IVC,EQ,04-Jul-2007,163.30,165.00,172.40,164.00,165.90,167.25,166.64,25864,43.10,-,24574,95.01
IVC,EQ,05-Jul-2007,167.25,165.00,170.00,156.25,161.10,161.45,163.55,8953,14.64,-,7625,85.17
IVC,EQ,06-Jul-2007,161.45,165.00,177.60,165.00,177.60,177.60,177.27,66796,118.41,-,63644,95.28
IVC,EQ,09-Jul-2007,177.60,184.00,188.50,177.00,179.85,180.05,183.64,36395,66.84,-,24095,66.20
IVC,EQ,10-Jul-2007,180.05,181.85,186.90,178.00,180.05,179.85,181.54,29145,52.91,-,22210,76.21
IVC,EQ,11-Jul-2007,179.85,180.00,180.00,175.00,177.00,179.55,177.69,15150,26.92,-,12418,81.97
IVC,EQ,12-Jul-2007,179.55,190.00,190.00,180.05,180.80,181.55,183.37,15452,28.33,-,10530,68.15
IVC,EQ,13-Jul-2007,181.55,184.00,185.00,176.95,180.00,177.45,179.88,24375,43.85,-,18322,75.17
IVC,EQ,16-Jul-2007,177.45,180.00,193.00,179.00,186.00,186.10,185.77,27484,51.06,-,20987,76.36
IVC,EQ,17-Jul-2007,186.10,189.00,191.00,184.10,186.00,185.45,188.15,6798,12.79,-,4717,69.39
IVC,EQ,18-Jul-2007,185.45,180.20,185.95,180.05,181.00,180.45,182.71,6416,11.72,-,1942,30.27
IVC,EQ,19-Jul-2007,180.45,177.30,185.00,177.30,180.00,180.05,180.53,9528,17.20,-,8269,86.79
IVC,EQ,20-Jul-2007,180.05,180.25,184.00,178.35,180.00,180.00,181.34,9875,17.91,-,8727,88.37
IVC,EQ,23-Jul-2007,180.00,178.55,187.00,177.65,185.40,184.60,182.13,13301,24.23,-,10920,82.10
IVC,EQ,24-Jul-2007,184.60,185.00,185.00,180.05,181.00,181.25,181.39,8949,16.23,-,8042,89.86
IVC,EQ,25-Jul-2007,181.25,177.15,184.00,177.00,179.90,179.05,179.25,4351,7.80,-,3307,76.01
IVC,EQ,26-Jul-2007,179.05,180.00,180.00,175.05,179.15,177.75,178.24,3271,5.83,-,2992,91.47
IVC,EQ,27-Jul-2007,177.75,175.00,177.25,168.25,171.35,171.30,171.87,4081,7.01,-,3013,73.83
IVC,EQ,30-Jul-2007,171.30,170.00,170.00,167.10,168.45,168.50,169.89,7268,12.35,-,7140,98.24
IVC,EQ,31-Jul-2007,168.50,170.00,176.90,170.00,173.05,172.80,173.65,717,1.25,-,375,52.30
IVC,EQ,01-Aug-2007,172.80,173.00,173.00,164.00,165.00,166.05,167.60,4887,8.19,-,4486,91.79
IVC,EQ,02-Aug-2007,166.05,162.30,175.95,162.30,175.70,175.00,173.30,2939,5.09,-,1908,64.92
IVC,EQ,03-Aug-2007,175.00,172.00,178.00,172.00,175.00,177.15,175.73,2554,4.49,-,1623,63.55
IVC,EQ,06-Aug-2007,177.15,171.10,176.95,171.00,176.00,175.00,174.20,2674,4.66,-,2335,87.32
IVC,EQ,07-Aug-2007,175.00,183.95,183.95,173.00,173.00,173.15,177.87,5967,10.61,-,5049,84.62
IVC,EQ,08-Aug-2007,173.15,175.05,177.90,170.60,175.90,174.45,172.91,9237,15.97,-,6535,70.75
IVC,EQ,09-Aug-2007,174.45,174.90,177.00,168.10,168.50,168.50,170.87,7432,12.70,-,7077,95.22
IVC,EQ,10-Aug-2007,168.50,185.00,185.00,161.65,163.00,165.05,164.42,3092,5.08,-,2537,82.05
IVC,EQ,13-Aug-2007,165.05,167.90,170.00,166.00,169.50,168.60,167.65,2667,4.47,-,1914,71.77
IVC,EQ,14-Aug-2007,168.60,161.10,175.00,161.00,175.00,174.00,170.83,3543,6.05,-,2980,84.11
IVC,EQ,16-Aug-2007,174.00,167.30,174.90,167.30,169.00,170.20,170.45,2415,4.12,-,2254,93.33
IVC,EQ,17-Aug-2007,170.20,161.00,167.05,160.30,165.00,165.00,164.82,4285,7.06,-,3393,79.18
IVC,EQ,20-Aug-2007,165.00,160.00,166.70,160.00,163.05,164.10,164.63,13182,21.70,-,12133,92.04
IVC,EQ,21-Aug-2007,164.10,165.00,165.00,157.50,160.00,160.10,162.06,7177,11.63,-,6916,96.36
IVC,EQ,22-Aug-2007,160.10,156.50,162.70,156.50,162.00,162.35,159.89,636,1.02,-,524,82.39
IVC,EQ,23-Aug-2007,162.35,164.00,164.00,158.00,162.95,160.50,161.90,3284,5.32,-,2530,77.04
IVC,EQ,24-Aug-2007,160.50,152.10,159.95,152.10,159.95,159.75,157.20,1490,2.34,-,1234,82.82
IVC,EQ,27-Aug-2007,159.75,153.25,162.00,153.25,161.90,161.90,159.86,574,0.92,-,466,81.18
IVC,EQ,28-Aug-2007,161.90,161.90,164.65,154.80,155.55,156.75,158.46,3736,5.92,-,3025,80.97
IVC,EQ,29-Aug-2007,156.75,159.85,162.70,155.05,162.70,162.00,157.19,3906,6.14,-,3110,79.62
IVC,EQ,30-Aug-2007,162.00,162.95,163.80,156.30,157.00,157.25,159.36,3249,5.18,-,3050,93.88
IVC,EQ,31-Aug-2007,157.25,153.00,158.70,153.00,156.30,157.50,155.68,3954,6.16,-,3475,87.89
IVC,EQ,03-Sep-2007,157.50,146.00,163.45,146.00,160.15,160.10,159.67,4567,7.29,-,4116,90.12
IVC,EQ,04-Sep-2007,160.10,160.10,165.00,160.10,165.00,164.05,161.33,1111,1.79,-,636,57.25
IVC,EQ,05-Sep-2007,164.05,162.15,163.00,161.50,161.50,161.70,162.14,2305,3.74,-,1960,85.03
IVC,EQ,06-Sep-2007,161.70,165.00,165.00,161.20,161.20,161.60,162.58,3122,5.08,-,2905,93.05
IVC,EQ,07-Sep-2007,161.60,158.10,170.00,158.10,162.70,162.75,163.62,3128,5.12,-,2065,66.02
IVC,EQ,10-Sep-2007,162.75,154.00,175.00,154.00,174.00,169.45,166.24,4537,7.54,-,4250,93.67
IVC,EQ,11-Sep-2007,169.45,173.00,185.00,171.30,172.50,173.90,178.22,13579,24.20,-,9630,70.92
IVC,EQ,12-Sep-2007,173.90,172.00,180.00,172.00,180.00,179.10,175.71,10040,17.64,-,9520,94.82
IVC,EQ,13-Sep-2007,179.10,180.00,180.00,172.75,176.25,173.80,175.10,17130,30.00,-,14884,86.89
IVC,EQ,14-Sep-2007,173.80,179.20,192.00,177.20,188.00,188.70,186.99,28479,53.25,-,18344,64.41
IVC,EQ,17-Sep-2007,188.70,210.00,210.00,194.95,199.10,199.75,200.96,19324,38.83,-,9477,49.04
IVC,EQ,18-Sep-2007,199.75,200.00,208.00,197.05,205.00,205.45,204.16,27739,56.63,-,25746,92.82
IVC,EQ,19-Sep-2007,205.45,209.00,215.00,208.00,213.00,213.05,212.23,86125,182.78,-,55606,64.56
IVC,EQ,20-Sep-2007,213.05,214.00,217.00,211.00,216.00,216.55,214.97,58468,125.69,-,38970,66.65
IVC,EQ,21-Sep-2007,216.55,221.80,224.40,215.00,219.35,220.55,217.94,57598,125.53,-,39742,69.00
IVC,EQ,24-Sep-2007,220.55,225.00,264.70,225.00,264.70,264.70,251.47,172471,433.71,-,102867,59.64
IVC,EQ,25-Sep-2007,264.70,278.00,278.00,245.50,255.00,258.25,256.11,50632,129.67,-,32156,63.51
IVC,EQ,26-Sep-2007,258.25,250.00,263.85,235.00,240.00,250.85,255.19,28014,71.49,-,18961,67.68
IVC,EQ,27-Sep-2007,250.85,250.00,272.00,240.00,263.00,259.00,259.49,40406,104.85,-,29447,72.88
IVC,EQ,28-Sep-2007,259.00,263.00,267.85,242.00,264.00,261.20,255.66,21933,56.07,-,16831,76.74
IVC,EQ,01-Oct-2007,261.20,257.00,277.50,257.00,269.00,269.20,271.03,16281,44.13,-,11285,69.31
IVC,EQ,03-Oct-2007,269.20,270.00,288.80,270.00,281.00,282.20,282.71,40583,114.73,-,33874,83.47
IVC,EQ,04-Oct-2007,282.20,290.00,295.95,271.10,280.00,279.60,288.25,95101,274.13,-,63919,67.21
IVC,EQ,05-Oct-2007,279.60,281.00,285.00,260.00,260.00,267.25,278.79,53174,148.24,-,50648,95.25
IVC,EQ,08-Oct-2007,267.25,279.00,279.00,248.00,263.50,272.65,259.08,63788,165.26,-,53782,84.31
IVC,EQ,09-Oct-2007,272.65,250.00,281.80,250.00,264.25,265.50,268.39,15803,42.41,-,12953,81.97
IVC,EQ,10-Oct-2007,265.50,263.05,270.00,257.50,260.00,260.20,266.00,8750,23.28,-,5258,60.09
IVC,EQ,11-Oct-2007,260.20,260.50,270.00,260.05,265.05,269.30,266.70,2267,6.05,-,1404,61.93
IVC,EQ,12-Oct-2007,269.30,264.50,296.25,263.50,296.25,296.25,292.33,21485,62.81,-,19095,88.88
IVC,EQ,15-Oct-2007,296.25,325.90,325.90,305.00,325.90,325.90,315.29,30965,97.63,-,28075,90.67
IVC,EQ,16-Oct-2007,325.90,354.90,358.40,326.10,330.00,336.35,349.09,61553,214.87,-,42183,68.53
IVC,EQ,17-Oct-2007,336.35,320.00,335.00,319.60,329.00,326.65,322.49,11205,36.13,-,8486,75.73
IVC,EQ,18-Oct-2007,326.65,343.00,343.00,318.00,329.00,326.95,340.09,6418,21.83,-,4442,69.21
IVC,EQ,19-Oct-2007,326.95,340.00,340.00,310.60,310.60,310.60,313.06,638,2.00,-,616,96.55
IVC,EQ,22-Oct-2007,310.60,295.10,304.90,295.10,295.10,295.10,296.67,2182,6.47,-,1958,89.73
IVC,EQ,23-Oct-2007,295.10,300.00,306.90,291.00,294.00,292.05,296.86,13412,39.81,-,10286,76.69
IVC,EQ,24-Oct-2007,292.05,300.00,306.65,278.60,306.65,306.65,293.89,81218,238.69,-,55973,68.92
IVC,EQ,25-Oct-2007,306.65,296.00,321.00,296.00,313.00,311.05,316.15,22187,70.14,-,15971,71.98
IVC,EQ,26-Oct-2007,311.05,303.00,318.00,295.60,302.00,300.30,307.53,12600,38.75,-,8697,69.02
IVC,EQ,29-Oct-2007,300.30,300.30,312.00,300.00,303.05,302.45,308.03,23826,73.39,-,21892,91.88
IVC,EQ,30-Oct-2007,302.45,305.00,305.55,293.00,298.00,298.05,298.21,15974,47.64,-,13934,87.23
IVC,EQ,31-Oct-2007,298.05,292.00,312.55,290.00,312.55,310.45,300.49,11807,35.48,-,8392,71.08
IVC,EQ,01-Nov-2007,310.45,301.00,325.00,296.00,296.05,301.85,303.86,13983,42.49,-,12224,87.42
IVC,EQ,02-Nov-2007,301.85,295.00,299.85,290.00,295.00,295.20,294.57,4522,13.32,-,4032,89.16
IVC,EQ,05-Nov-2007,295.20,297.00,306.00,291.15,297.00,296.35,295.53,16762,49.54,-,14269,85.13
IVC,EQ,06-Nov-2007,296.35,297.00,307.90,295.05,302.25,303.25,302.79,9127,27.64,-,6895,75.55
IVC,EQ,07-Nov-2007,303.25,300.05,300.05,290.00,291.00,292.30,295.36,3617,10.68,-,2636,72.88
IVC,EQ,08-Nov-2007,292.30,299.90,299.90,275.00,286.00,280.50,282.82,3951,11.17,-,2948,74.61
IVC,EQ,09-Nov-2007,280.50,290.00,297.90,256.00,288.00,287.20,288.63,493,1.42,-,343,69.57
IVC,EQ,12-Nov-2007,287.20,298.00,298.00,270.00,281.05,283.20,281.69,2942,8.29,-,2110,71.72
IVC,EQ,13-Nov-2007,283.20,270.00,305.80,261.05,290.05,290.50,286.17,6349,18.17,-,2568,40.45
IVC,EQ,14-Nov-2007,290.50,294.90,304.00,272.50,284.00,280.25,292.67,4683,13.71,-,2828,60.39
IVC,EQ,15-Nov-2007,280.25,276.00,292.00,275.50,292.00,290.15,282.98,19377,54.83,-,16370,84.48
IVC,EQ,16-Nov-2007,290.15,285.00,295.00,285.00,290.00,292.50,291.01,11590,33.73,-,10248,88.42
IVC,EQ,19-Nov-2007,292.50,290.00,301.00,290.00,293.00,290.15,296.45,10386,30.79,-,8449,81.35
IVC,EQ,20-Nov-2007,290.15,286.00,290.00,275.00,282.00,275.75,280.80,9897,27.79,-,8442,85.30
IVC,EQ,21-Nov-2007,275.75,296.90,302.85,271.00,275.15,276.15,290.72,16505,47.98,-,7757,47.00
IVC,EQ,22-Nov-2007,276.15,276.05,276.05,258.00,270.10,270.10,270.06,13135,35.47,-,12753,97.09
IVC,EQ,23-Nov-2007,270.10,278.20,284.85,275.00,284.85,283.85,280.93,2650,7.44,-,2059,77.70
IVC,EQ,26-Nov-2007,283.85,286.05,290.00,285.00,286.10,286.90,286.78,3231,9.27,-,2296,71.06
IVC,EQ,27-Nov-2007,286.90,285.15,288.95,278.00,284.00,281.50,283.18,4871,13.79,-,3536,72.59
IVC,EQ,28-Nov-2007,281.50,285.00,291.00,263.00,282.00,282.00,284.00,7103,20.17,-,3413,48.05
IVC,EQ,29-Nov-2007,282.00,304.70,310.20,285.05,310.20,310.20,305.40,32447,99.09,-,23616,72.78
IVC,EQ,30-Nov-2007,310.20,324.00,341.25,320.10,341.25,341.25,340.41,27552,93.79,-,19632,71.25
IVC,EQ,03-Dec-2007,341.25,364.00,364.00,350.00,350.50,350.40,351.16,51322,180.22,-,49314,96.09
IVC,EQ,04-Dec-2007,350.40,354.80,370.00,340.00,341.00,347.70,354.54,12160,43.11,-,7369,60.60
IVC,EQ,05-Dec-2007,347.70,350.00,364.00,350.00,362.00,360.65,356.06,14171,50.46,-,10195,71.94
IVC,EQ,06-Dec-2007,360.65,365.00,378.70,354.00,378.70,378.70,372.23,60239,224.23,-,55248,91.71
IVC,EQ,07-Dec-2007,378.70,360.05,386.00,359.80,363.00,361.75,366.18,5597,20.49,-,3489,62.34
IVC,EQ,10-Dec-2007,361.75,346.25,362.40,346.25,360.00,359.95,359.62,12004,43.17,-,10757,89.61
IVC,EQ,11-Dec-2007,359.95,351.00,361.35,348.00,358.85,353.20,353.35,5661,20.00,-,3952,69.81
IVC,EQ,12-Dec-2007,353.20,355.00,370.90,352.60,370.90,370.90,368.37,7701,28.37,-,7517,97.61
IVC,EQ,13-Dec-2007,370.90,389.00,389.45,378.00,389.45,389.05,388.30,16572,64.35,-,14124,85.23
IVC,EQ,14-Dec-2007,389.05,375.00,408.50,375.00,400.00,401.80,400.72,26460,106.03,-,18720,70.75
IVC,EQ,17-Dec-2007,401.80,402.00,420.00,382.00,390.00,390.45,410.08,18673,76.57,-,15493,82.97
IVC,EQ,18-Dec-2007,390.45,380.00,410.00,380.00,400.00,400.05,400.08,53535,214.18,-,50324,94.00
IVC,EQ,19-Dec-2007,400.05,416.00,416.00,395.00,407.75,400.85,407.25,10292,41.91,-,8754,85.06
IVC,EQ,20-Dec-2007,400.85,414.00,414.00,391.50,392.00,392.75,395.84,3779,14.96,-,1881,49.78
IVC,EQ,24-Dec-2007,392.75,410.00,412.40,389.00,412.40,412.40,407.49,8353,34.04,-,7015,83.98
IVC,EQ,26-Dec-2007,412.40,430.00,433.05,415.00,420.15,422.80,430.16,10604,45.61,-,8450,79.69
IVC,EQ,27-Dec-2007,422.80,420.00,432.85,415.00,420.00,420.00,421.71,9498,40.05,-,7706,81.13
IVC,EQ,28-Dec-2007,420.00,422.00,441.00,401.00,425.05,427.35,433.48,8654,37.51,-,5847,67.56
IVC,EQ,31-Dec-2007,427.35,420.00,446.90,420.00,432.00,433.20,438.24,2962,12.98,-,1355,45.75
IVC,EQ,01-Jan-2008,433.20,422.00,444.30,412.00,419.25,417.10,424.44,2563,10.88,-,1737,67.77
IVC,EQ,02-Jan-2008,417.10,436.00,438.00,414.05,421.00,421.35,423.69,6765,28.66,-,5514,81.51
IVC,EQ,03-Jan-2008,421.35,435.00,435.00,405.00,409.50,408.45,412.58,7730,31.89,-,4716,61.01
IVC,EQ,04-Jan-2008,408.45,410.05,419.90,400.00,401.00,401.90,406.50,3368,13.69,-,2857,84.83
IVC,EQ,07-Jan-2008,401.90,400.00,400.00,386.00,394.00,388.60,394.06,8849,34.87,-,6880,77.75
IVC,EQ,08-Jan-2008,388.60,400.00,400.00,360.15,384.00,376.20,374.01,5749,21.50,-,4734,82.34
IVC,EQ,09-Jan-2008,376.20,365.30,407.90,365.30,377.05,382.00,384.12,4018,15.43,-,3355,83.50
IVC,EQ,10-Jan-2008,382.00,375.80,386.00,365.00,370.00,371.90,378.69,2057,7.79,-,1779,86.49
IVC,EQ,11-Jan-2008,371.90,357.70,375.00,345.00,363.00,358.95,356.29,1212,4.32,-,748,61.72
IVC,EQ,14-Jan-2008,358.95,324.00,389.00,324.00,365.00,366.80,364.27,859,3.13,-,758,88.24
IVC,EQ,15-Jan-2008,366.80,361.00,376.00,360.20,360.20,362.80,363.90,726,2.64,-,526,72.45
IVC,EQ,16-Jan-2008,362.80,345.00,375.00,345.00,368.80,364.00,362.86,2797,10.15,-,2111,75.47
IVC,EQ,17-Jan-2008,364.00,365.00,383.00,352.10,370.05,368.65,365.97,2833,10.37,-,1151,40.63
IVC,EQ,18-Jan-2008,368.65,338.00,386.90,338.00,375.00,369.05,369.46,10054,37.15,-,7846,78.04
IVC,EQ,21-Jan-2008,369.05,395.00,395.00,333.00,340.80,340.85,345.60,4356,15.05,-,3257,74.77
IVC,EQ,22-Jan-2008,340.85,306.80,306.80,306.80,306.80,306.80,306.80,76,0.23,-,76,100.00
IVC,EQ,23-Jan-2008,306.80,300.00,320.00,285.00,300.00,305.15,302.14,3381,10.22,-,2858,84.53
IVC,EQ,24-Jan-2008,305.15,295.05,304.00,280.00,300.00,296.00,292.67,2378,6.96,-,2034,85.53
IVC,EQ,25-Jan-2008,296.00,295.00,325.00,273.35,325.00,320.10,307.80,3043,9.37,-,2869,94.28
IVC,EQ,28-Jan-2008,320.10,290.10,320.00,290.10,308.50,315.75,315.50,5379,16.97,-,5300,98.53
IVC,EQ,29-Jan-2008,315.75,303.05,319.95,292.00,292.00,294.55,300.73,1868,5.62,-,1280,68.52
IVC,EQ,30-Jan-2008,294.55,271.00,299.00,266.50,285.00,280.85,271.89,9088,24.71,-,1662,18.29
IVC,EQ,31-Jan-2008,280.85,293.00,293.00,270.00,270.00,271.00,278.80,7296,20.34,-,7114,97.51
IVC,EQ,01-Feb-2008,271.00,262.00,288.00,262.00,288.00,288.00,276.55,908,2.51,-,498,54.85
IVC,EQ,04-Feb-2008,288.00,308.95,316.60,281.00,316.00,309.35,307.71,14112,43.42,-,12581,89.15
IVC,EQ,05-Feb-2008,309.35,319.70,319.70,296.00,309.00,313.45,312.35,5525,17.26,-,5160,93.39
IVC,EQ,06-Feb-2008,313.45,344.00,344.00,288.50,305.80,304.55,304.74,1583,4.82,-,999,63.11
IVC,EQ,07-Feb-2008,304.55,310.00,319.00,288.10,290.10,290.10,308.26,1783,5.50,-,1330,74.59
IVC,EQ,08-Feb-2008,290.10,268.00,318.00,268.00,284.00,282.90,296.49,5329,15.80,-,4300,80.69
IVC,EQ,11-Feb-2008,282.90,255.00,299.50,254.80,260.00,259.50,263.09,6880,18.10,-,4424,64.30
IVC,EQ,12-Feb-2008,259.50,246.00,254.00,234.00,244.00,244.35,239.59,5745,13.76,-,4864,84.66
IVC,EQ,13-Feb-2008,244.35,237.00,255.00,226.00,232.50,236.40,238.62,4592,10.96,-,3671,79.94
IVC,EQ,14-Feb-2008,236.40,225.00,250.00,225.00,250.00,249.30,249.10,4538,11.30,-,3914,86.25
IVC,EQ,15-Feb-2008,249.30,269.00,269.00,234.25,250.00,249.90,247.55,3236,8.01,-,2297,70.98
IVC,EQ,18-Feb-2008,249.90,260.00,260.00,251.60,251.60,252.00,255.69,1706,4.36,-,1406,82.42
IVC,EQ,19-Feb-2008,252.00,262.00,270.00,255.00,267.00,269.70,261.64,2570,6.72,-,2169,84.40
IVC,EQ,20-Feb-2008,269.70,256.25,269.90,255.00,260.00,259.50,257.97,784,2.02,-,682,86.99
IVC,EQ,21-Feb-2008,259.50,260.00,262.50,255.00,260.05,257.25,256.90,2577,6.62,-,2562,99.42
IVC,EQ,22-Feb-2008,257.25,243.00,268.00,237.00,251.00,250.85,253.16,2120,5.37,-,1910,90.09
IVC,EQ,25-Feb-2008,250.85,269.00,269.00,244.05,246.05,246.55,248.00,1999,4.96,-,1845,92.30
IVC,EQ,26-Feb-2008,246.55,224.20,255.00,224.20,247.00,247.00,251.83,1851,4.66,-,1676,90.55
IVC,EQ,27-Feb-2008,247.00,258.20,258.90,247.00,247.00,247.10,250.80,714,1.79,-,704,98.60
IVC,EQ,28-Feb-2008,247.10,257.90,257.90,246.55,249.40,249.85,251.05,1916,4.81,-,1635,85.33
IVC,EQ,29-Feb-2008,249.85,260.00,260.00,248.05,257.50,257.50,253.56,290,0.74,-,213,73.45
IVC,EQ,03-Mar-2008,257.50,278.00,278.00,235.45,243.00,243.00,242.36,4344,10.53,-,4316,99.36
IVC,EQ,04-Mar-2008,243.00,233.20,238.00,225.00,231.00,235.20,233.47,2132,4.98,-,1832,85.93
IVC,EQ,05-Mar-2008,235.20,229.10,238.80,226.00,238.80,237.50,229.82,1117,2.57,-,912,81.65
IVC,EQ,07-Mar-2008,237.50,257.95,257.95,213.75,215.55,215.55,218.21,13030,28.43,-,12404,95.20
IVC,EQ,10-Mar-2008,215.55,185.00,232.50,185.00,230.00,230.00,220.62,7938,17.51,-,6715,84.59
IVC,EQ,11-Mar-2008,230.00,275.95,275.95,209.00,226.00,226.45,224.95,3199,7.20,-,2891,90.37
IVC,EQ,12-Mar-2008,226.45,211.25,262.95,211.25,238.00,236.05,247.28,1409,3.48,-,1116,79.21
IVC,EQ,13-Mar-2008,236.05,213.00,254.00,205.25,216.05,214.60,217.08,10419,22.62,-,10242,98.30
IVC,EQ,14-Mar-2008,214.60,195.20,241.95,195.20,211.90,209.35,209.70,6562,13.76,-,5362,81.71
IVC,EQ,17-Mar-2008,209.35,208.00,208.00,178.00,186.30,190.45,194.96,4284,8.35,-,2953,68.93
IVC,EQ,18-Mar-2008,190.45,165.00,210.00,165.00,185.00,185.00,185.94,941,1.75,-,863,91.71
IVC,EQ,19-Mar-2008,185.00,185.00,220.50,185.00,201.45,208.00,210.21,21160,44.48,-,4779,22.59
IVC,EQ,24-Mar-2008,208.00,228.45,249.60,209.05,209.55,211.20,221.11,17437,38.56,-,9291,53.28
IVC,EQ,25-Mar-2008,211.20,215.00,229.00,212.00,220.00,221.50,222.54,4047,9.01,-,2040,50.41
IVC,EQ,26-Mar-2008,221.50,221.00,224.95,215.00,216.05,217.80,220.32,1309,2.88,-,809,61.80
IVC,EQ,27-Mar-2008,217.80,216.05,228.45,216.05,228.45,226.85,222.85,1983,4.42,-,1276,64.35
IVC,EQ,28-Mar-2008,226.85,228.30,255.00,227.05,250.00,248.70,235.13,2049,4.82,-,1326,64.71
IVC,EQ,31-Mar-2008,248.70,260.00,269.00,246.85,254.00,251.55,257.41,8548,22.00,-,4999,58.48
IVC,EQ,01-Apr-2008,251.55,264.90,276.95,251.00,259.00,258.85,265.32,57440,152.40,-,22031,38.35
IVC,EQ,02-Apr-2008,258.85,269.00,269.00,243.00,243.00,246.10,253.19,4440,11.24,-,2150,48.42
IVC,EQ,03-Apr-2008,246.10,223.20,249.00,223.20,233.50,231.90,231.55,4186,9.69,-,2946,70.38
IVC,EQ,04-Apr-2008,231.90,225.20,227.90,216.35,226.00,225.50,221.87,6119,13.58,-,3796,62.04
IVC,EQ,07-Apr-2008,225.50,220.15,245.00,219.00,238.30,239.50,234.57,10247,24.04,-,3204,31.27
IVC,EQ,08-Apr-2008,239.50,280.00,280.00,202.00,233.00,235.55,238.97,1703,4.07,-,790,46.39
IVC,EQ,09-Apr-2008,235.55,244.00,244.00,229.15,233.90,231.80,234.88,862,2.02,-,402,46.64
IVC,EQ,10-Apr-2008,231.80,230.15,239.50,230.15,236.00,233.25,236.12,1247,2.94,-,846,67.84
IVC,EQ,11-Apr-2008,233.25,267.00,267.00,216.00,235.00,232.35,233.42,1315,3.07,-,933,70.95
IVC,EQ,15-Apr-2008,232.35,235.00,249.00,230.00,248.00,240.15,235.74,2366,5.58,-,1552,65.60
IVC,EQ,16-Apr-2008,240.15,232.00,250.00,232.00,249.00,248.70,246.20,2997,7.38,-,1590,53.05
IVC,EQ,17-Apr-2008,248.70,270.00,270.00,240.00,250.00,248.95,255.02,1658,4.23,-,798,48.13
IVC,EQ,21-Apr-2008,248.95,221.00,256.00,221.00,248.50,248.50,249.01,4058,10.10,-,2314,57.02
IVC,EQ,22-Apr-2008,248.50,255.90,255.90,245.00,250.00,250.00,250.65,3394,8.51,-,3015,88.83
IVC,EQ,23-Apr-2008,250.00,264.00,264.00,250.00,257.95,256.40,255.17,3729,9.52,-,3245,87.02
IVC,EQ,24-Apr-2008,256.40,249.00,264.90,249.00,257.00,257.85,256.45,4170,10.69,-,2636,63.21
IVC,EQ,25-Apr-2008,257.85,265.00,268.00,252.10,252.10,254.90,256.31,7741,19.84,-,5535,71.50
IVC,EQ,28-Apr-2008,254.90,236.00,260.00,236.00,251.00,252.55,250.51,5995,15.02,-,5489,91.56
IVC,EQ,29-Apr-2008,252.55,232.00,259.00,232.00,250.40,252.65,250.07,488,1.22,-,394,80.74
IVC,EQ,30-Apr-2008,252.65,254.00,262.30,244.00,250.25,250.75,251.36,688,1.73,-,332,48.26
IVC,EQ,02-May-2008,250.75,257.45,260.00,250.55,260.00,258.55,257.50,3800,9.79,-,3473,91.39
IVC,EQ,05-May-2008,258.55,260.00,288.00,260.00,283.00,279.35,277.76,6264,17.40,-,4291,68.50
IVC,EQ,06-May-2008,279.35,271.10,281.50,268.20,275.00,279.20,277.60,6093,16.91,-,4880,80.09
IVC,EQ,07-May-2008,279.20,270.00,298.00,270.00,290.00,291.90,283.64,5519,15.65,-,3751,67.97
IVC,EQ,08-May-2008,291.90,282.00,299.90,282.00,290.55,295.80,290.17,4497,13.05,-,4156,92.42
IVC,EQ,09-May-2008,295.80,277.15,295.00,277.15,294.70,292.10,292.07,1632,4.77,-,1069,65.50
IVC,EQ,12-May-2008,292.10,277.00,291.00,277.00,291.00,288.95,283.36,1390,3.94,-,1079,77.63
IVC,EQ,13-May-2008,288.95,316.00,320.00,281.00,302.00,302.35,307.54,10343,31.81,-,4580,44.28
IVC,EQ,14-May-2008,302.35,278.00,312.00,278.00,304.50,306.35,304.93,8852,26.99,-,7422,83.85
IVC,EQ,15-May-2008,306.35,281.00,313.00,281.00,307.00,305.40,304.96,1608,4.90,-,1224,76.12
IVC,EQ,16-May-2008,305.40,270.00,344.00,270.00,292.90,297.95,305.34,3687,11.26,-,2341,63.49
IVC,EQ,20-May-2008,297.95,349.00,349.00,301.50,312.00,314.05,317.45,20185,64.08,-,4894,24.25
IVC,EQ,21-May-2008,314.05,312.00,316.00,303.30,305.20,305.85,308.48,3232,9.97,-,1594,49.32
IVC,EQ,22-May-2008,305.85,306.00,306.00,292.00,296.50,295.70,298.79,1732,5.18,-,1558,89.95
IVC,EQ,23-May-2008,295.70,310.00,310.00,280.05,281.15,282.60,287.56,3147,9.05,-,1658,52.69
IVC,EQ,26-May-2008,282.60,282.00,283.90,265.00,270.50,270.25,273.23,2496,6.82,-,1604,64.26
IVC,EQ,27-May-2008,270.25,268.65,280.00,266.25,268.90,266.75,271.70,1392,3.78,-,952,68.39
IVC,EQ,28-May-2008,266.75,225.00,297.90,225.00,265.00,265.00,264.40,2873,7.60,-,2529,88.03
IVC,EQ,29-May-2008,265.00,269.00,283.00,269.00,272.00,270.85,269.93,712,1.92,-,590,82.87
IVC,EQ,30-May-2008,270.85,315.00,315.00,225.00,276.00,273.95,272.34,1860,5.07,-,1123,60.38
IVC,EQ,02-Jun-2008,273.95,292.00,292.00,269.00,277.95,278.10,273.20,1035,2.83,-,997,96.33
IVC,EQ,03-Jun-2008,278.10,260.10,271.80,260.10,265.00,262.25,262.33,2359,6.19,-,1271,53.88
IVC,EQ,04-Jun-2008,262.25,300.00,300.00,260.00,260.20,263.15,269.30,2961,7.97,-,1847,62.38
IVC,EQ,05-Jun-2008,263.15,237.00,276.00,237.00,276.00,274.95,262.40,4252,11.16,-,2409,56.66
IVC,EQ,06-Jun-2008,274.95,267.75,288.95,267.60,272.60,277.40,278.02,1134,3.15,-,739,65.17
IVC,EQ,09-Jun-2008,277.40,298.90,298.90,255.00,268.95,269.35,262.14,2635,6.91,-,1739,66.00
IVC,EQ,10-Jun-2008,269.35,280.00,280.00,260.00,274.90,268.00,264.79,8683,22.99,-,6704,77.21
IVC,EQ,11-Jun-2008,268.00,254.00,276.00,254.00,256.50,255.95,259.65,12208,31.70,-,10365,84.90
IVC,EQ,12-Jun-2008,255.95,245.50,258.00,245.50,254.00,254.00,254.25,20825,52.95,-,20566,98.76
IVC,EQ,13-Jun-2008,254.00,250.00,259.00,250.00,254.00,253.90,253.93,6486,16.47,-,4396,67.78
IVC,EQ,16-Jun-2008,253.90,252.00,263.85,250.00,250.25,250.95,254.27,2830,7.20,-,1991,70.35
IVC,EQ,17-Jun-2008,250.95,250.60,265.00,247.50,254.70,254.60,252.96,1452,3.67,-,1052,72.45
IVC,EQ,18-Jun-2008,254.60,265.00,265.00,238.00,244.25,250.65,254.32,1249,3.18,-,714,57.17
IVC,EQ,19-Jun-2008,250.65,230.05,282.00,230.05,243.00,241.80,243.99,2420,5.90,-,1566,64.71
IVC,EQ,20-Jun-2008,241.80,244.95,244.95,230.25,235.00,236.55,238.41,753,1.80,-,713,94.69
IVC,EQ,23-Jun-2008,236.55,244.90,244.90,212.50,216.40,215.95,217.30,2439,5.30,-,1604,65.76
IVC,EQ,24-Jun-2008,215.95,240.00,240.00,210.00,211.10,213.60,217.99,5628,12.27,-,4395,78.09
IVC,EQ,25-Jun-2008,213.60,182.00,227.00,182.00,213.00,213.05,213.35,2492,5.32,-,2104,84.43
IVC,EQ,26-Jun-2008,213.05,236.00,236.00,203.05,218.00,220.40,220.21,3158,6.95,-,1527,48.35
IVC,EQ,27-Jun-2008,220.40,192.50,224.85,192.50,217.05,218.80,216.50,1988,4.30,-,1056,53.12
IVC,EQ,30-Jun-2008,218.80,195.05,229.95,195.05,225.00,223.00,216.74,3819,8.28,-,3235,84.71
IVC,EQ,01-Jul-2008,223.00,180.00,248.00,180.00,218.00,217.25,215.14,11273,24.25,-,10020,88.88
IVC,EQ,02-Jul-2008,217.25,216.00,230.00,215.00,223.05,221.75,216.46,6538,14.15,-,5344,81.74
IVC,EQ,03-Jul-2008,221.75,212.00,231.95,212.00,231.95,226.95,223.62,1090,2.44,-,819,75.14
IVC,EQ,04-Jul-2008,226.95,260.00,260.00,216.00,231.95,227.10,226.21,1319,2.98,-,1005,76.19
IVC,EQ,07-Jul-2008,227.10,221.05,233.50,217.00,217.00,219.80,221.98,4036,8.96,-,3189,79.01
IVC,EQ,08-Jul-2008,219.80,212.30,224.50,212.30,215.50,215.50,215.03,47474,102.08,-,47046,99.10
IVC,EQ,09-Jul-2008,215.50,224.00,224.00,215.00,217.00,216.60,215.41,32180,69.32,-,30815,95.76
IVC,EQ,10-Jul-2008,216.60,203.00,218.00,203.00,215.05,215.00,215.03,30777,66.18,-,30196,98.11
IVC,EQ,11-Jul-2008,215.00,239.00,242.00,215.00,229.00,226.35,221.18,17541,38.80,-,13344,76.07
IVC,EQ,14-Jul-2008,226.35,231.90,231.90,210.50,220.00,215.45,216.53,5995,12.98,-,5298,88.37
IVC,EQ,15-Jul-2008,215.45,215.00,219.70,201.10,210.25,206.50,213.97,9642,20.63,-,9297,96.42
IVC,EQ,16-Jul-2008,206.50,215.00,215.50,206.30,215.00,213.30,214.45,15742,33.76,-,15390,97.76
IVC,EQ,17-Jul-2008,213.30,207.00,209.00,200.00,200.00,201.50,204.90,20347,41.69,-,18472,90.78
IVC,EQ,18-Jul-2008,201.50,201.00,201.00,171.00,200.00,200.00,199.76,47242,94.37,-,45833,97.02
IVC,EQ,21-Jul-2008,200.00,203.30,203.30,195.65,196.10,198.50,200.24,10873,21.77,-,7510,69.07
IVC,EQ,22-Jul-2008,198.50,197.05,213.90,194.15,204.80,201.75,204.20,6477,13.23,-,4974,76.79
IVC,EQ,23-Jul-2008,201.75,209.90,209.90,198.10,198.50,199.25,201.10,46163,92.83,-,26861,58.19
IVC,EQ,24-Jul-2008,199.25,198.65,215.00,198.65,215.00,207.30,204.53,17945,36.70,-,12191,67.94
IVC,EQ,25-Jul-2008,207.30,208.90,208.90,199.00,205.10,206.90,203.49,11123,22.63,-,5235,47.06
IVC,EQ,28-Jul-2008,206.90,155.00,160.00,140.00,159.90,157.70,152.77,15157,23.16,-,6750,44.53
IVC,EQ,29-Jul-2008,157.70,180.00,180.00,145.35,152.00,154.70,151.74,7663,11.63,-,2883,37.62
IVC,EQ,30-Jul-2008,154.70,155.00,155.00,149.05,149.35,149.50,150.62,1404,2.11,-,975,69.44
IVC,EQ,31-Jul-2008,149.50,152.00,152.00,141.40,145.00,144.35,146.02,1145,1.67,-,713,62.27
IVC,EQ,01-Aug-2008,144.35,141.50,141.50,135.10,140.00,140.30,139.58,1949,2.72,-,1029,52.80
IVC,EQ,04-Aug-2008,140.30,138.00,147.70,134.10,142.05,142.65,143.98,575,0.83,-,213,37.04
IVC,EQ,05-Aug-2008,142.65,155.00,155.00,138.50,140.90,140.05,140.49,7252,10.19,-,6113,84.29
IVC,EQ,06-Aug-2008,140.05,140.90,142.85,137.00,140.75,139.90,138.87,4374,6.07,-,2076,47.46
IVC,EQ,07-Aug-2008,139.90,135.00,140.00,134.00,139.00,138.60,139.31,9515,13.25,-,8640,90.80
IVC,EQ,08-Aug-2008,138.60,137.00,138.05,130.00,133.00,132.05,133.82,40781,54.57,-,36335,89.10
IVC,EQ,11-Aug-2008,132.05,130.00,144.00,127.05,139.95,139.20,140.39,13012,18.27,-,4316,33.17
IVC,EQ,12-Aug-2008,139.20,135.15,139.95,132.25,134.10,134.20,135.13,2795,3.78,-,2556,91.45
IVC,EQ,13-Aug-2008,134.20,136.00,139.75,131.50,134.25,135.05,134.69,500,0.67,-,255,51.00
IVC,EQ,14-Aug-2008,135.05,134.00,139.00,131.00,136.90,135.20,134.14,8163,10.95,-,7137,87.43
IVC,EQ,18-Aug-2008,135.20,162.20,162.20,127.00,132.55,131.60,130.81,6119,8.00,-,4012,65.57
IVC,EQ,19-Aug-2008,131.60,130.10,134.95,130.10,131.00,131.45,132.21,1461,1.93,-,692,47.36
IVC,EQ,20-Aug-2008,131.45,136.00,136.00,124.50,130.35,130.50,132.17,12701,16.79,-,11668,91.87
IVC,EQ,21-Aug-2008,130.50,133.05,156.00,133.05,142.15,146.45,143.57,131067,188.17,-,71741,54.74
IVC,EQ,22-Aug-2008,146.45,136.95,145.45,134.00,137.20,136.40,140.30,12739,17.87,-,6080,47.73
IVC,EQ,25-Aug-2008,136.40,136.15,140.00,132.15,133.95,133.20,135.11,3760,5.08,-,2737,72.79
IVC,EQ,26-Aug-2008,133.20,128.70,134.95,128.70,132.00,132.55,133.11,1483,1.97,-,594,40.05
IVC,EQ,27-Aug-2008,132.55,134.80,134.85,131.55,132.20,132.30,132.70,746,0.99,-,488,65.42
IVC,EQ,28-Aug-2008,132.30,132.90,136.00,132.90,135.00,135.15,135.14,3479,4.70,-,3018,86.75
IVC,EQ,29-Aug-2008,135.15,133.50,142.00,133.50,135.05,135.95,137.12,2346,3.22,-,1084,46.21
IVC,EQ,01-Sep-2008,135.95,131.60,136.00,131.60,136.00,136.00,134.20,550,0.74,-,298,54.18
IVC,EQ,02-Sep-2008,136.00,131.50,136.50,131.50,135.50,135.45,135.26,919,1.24,-,723,78.67
IVC,EQ,04-Sep-2008,135.45,135.05,138.70,133.05,135.30,135.50,135.06,10836,14.64,-,10225,94.36
IVC,EQ,05-Sep-2008,135.50,134.00,157.80,134.00,149.00,153.10,147.11,51832,76.25,-,31280,60.35
IVC,EQ,08-Sep-2008,153.10,164.80,164.90,143.10,146.00,147.65,150.09,15753,23.64,-,10846,68.85
IVC,EQ,09-Sep-2008,147.65,143.05,150.00,143.05,147.00,147.85,147.17,1988,2.93,-,1314,66.10
IVC,EQ,10-Sep-2008,147.85,147.95,163.00,145.50,158.05,159.00,156.12,32296,50.42,-,21067,65.23
IVC,EQ,11-Sep-2008,159.00,159.80,161.00,142.10,142.10,143.10,152.55,24106,36.77,-,11333,47.01
IVC,EQ,12-Sep-2008,143.10,146.25,148.90,142.30,145.45,145.40,145.15,2622,3.81,-,1481,56.48
IVC,EQ,15-Sep-2008,145.40,140.00,141.00,131.00,137.75,138.05,137.26,3126,4.29,-,2608,83.43
IVC,EQ,16-Sep-2008,138.05,131.15,145.00,130.00,141.05,140.15,134.68,19916,26.82,-,14247,71.54
IVC,EQ,17-Sep-2008,140.15,145.00,145.00,131.15,132.95,132.25,134.48,5324,7.16,-,3816,71.68
IVC,EQ,18-Sep-2008,132.25,116.70,133.30,116.70,129.80,129.15,128.69,4820,6.20,-,3436,71.29
IVC,EQ,19-Sep-2008,129.15,138.00,138.00,129.05,132.95,131.85,132.06,1356,1.79,-,870,64.16
IVC,EQ,22-Sep-2008,131.85,154.00,154.00,129.95,131.00,131.40,131.57,979,1.29,-,397,40.55
IVC,EQ,23-Sep-2008,131.40,127.00,131.00,125.55,126.30,129.15,129.16,1425,1.84,-,1010,70.88
IVC,EQ,24-Sep-2008,129.15,125.20,132.00,125.20,127.10,128.95,129.68,1369,1.78,-,622,45.43
IVC,EQ,25-Sep-2008,128.95,129.05,129.05,126.05,127.95,127.90,128.06,761,0.97,-,544,71.48
IVC,EQ,26-Sep-2008,127.90,127.00,133.50,122.00,133.50,131.65,125.74,22814,28.69,-,19328,84.72
IVC,EQ,29-Sep-2008,131.65,122.00,126.00,107.00,118.50,114.80,113.52,26267,29.82,-,13345,50.81
IVC,EQ,30-Sep-2008,114.80,101.70,129.70,94.00,99.50,99.95,97.95,46291,45.34,-,21564,46.58
IVC,EQ,01-Oct-2008,99.95,107.60,108.00,100.00,103.00,103.85,103.69,6018,6.24,-,3919,65.12
IVC,EQ,03-Oct-2008,103.85,101.40,108.00,101.40,105.10,106.95,106.28,15956,16.96,-,14698,92.12
IVC,EQ,06-Oct-2008,106.95,121.10,121.10,96.05,98.90,99.30,102.50,19174,19.65,-,18286,95.37
IVC,EQ,07-Oct-2008,99.30,97.10,116.00,96.50,110.00,111.25,102.26,37048,37.89,-,36493,98.50
IVC,EQ,08-Oct-2008,111.25,98.05,102.70,92.00,95.00,94.95,97.37,9859,9.60,-,8929,90.57
IVC,EQ,10-Oct-2008,94.95,82.50,94.50,82.50,87.90,87.80,87.81,2412,2.12,-,2344,97.18
IVC,EQ,13-Oct-2008,87.80,85.00,98.85,85.00,93.00,93.50,90.12,10199,9.19,-,9508,93.22
IVC,EQ,14-Oct-2008,93.50,99.45,99.45,90.10,92.00,91.85,94.39,970,0.92,-,827,85.26
IVC,EQ,15-Oct-2008,91.85,88.50,93.00,81.20,88.10,88.15,89.24,22441,20.03,-,21092,93.99
IVC,EQ,16-Oct-2008,88.15,85.90,91.90,83.15,88.15,88.45,86.81,8324,7.23,-,7208,86.59
IVC,EQ,17-Oct-2008,88.45,90.00,91.00,77.00,77.00,80.20,82.26,1660,1.37,-,1457,87.77
IVC,EQ,20-Oct-2008,80.20,87.00,92.20,76.45,86.00,90.55,85.60,15373,13.16,-,12464,81.08
IVC,EQ,21-Oct-2008,90.55,104.00,104.00,90.05,92.85,91.65,92.91,265,0.25,-,218,82.26
IVC,EQ,22-Oct-2008,91.65,89.00,90.00,85.90,90.00,89.60,89.09,1759,1.57,-,1291,73.39
IVC,EQ,23-Oct-2008,89.60,90.00,90.00,78.50,85.00,85.00,84.92,2599,2.21,-,2568,98.81
IVC,EQ,24-Oct-2008,85.00,76.15,87.45,68.00,70.00,70.00,71.50,39266,28.08,-,34292,87.33
IVC,EQ,27-Oct-2008,70.00,70.05,82.90,70.00,81.90,80.35,76.10,6352,4.83,-,4478,70.50
IVC,EQ,28-Oct-2008,80.35,96.00,96.00,80.50,88.00,87.85,91.38,789,0.72,-,507,64.26
IVC,EQ,29-Oct-2008,87.85,85.55,88.50,85.00,88.00,87.70,86.96,270,0.23,-,224,82.96
IVC,EQ,31-Oct-2008,87.70,79.50,85.00,79.50,85.00,85.00,83.64,901,0.75,-,859,95.34
IVC,EQ,03-Nov-2008,85.00,81.00,89.95,81.00,84.90,84.90,85.73,4577,3.92,-,3716,81.19
IVC,EQ,04-Nov-2008,84.90,82.25,83.50,80.00,80.00,81.05,81.73,4040,3.30,-,3392,83.96
IVC,EQ,05-Nov-2008,81.05,77.00,82.70,77.00,80.00,80.00,79.68,12524,9.98,-,10593,84.58
IVC,EQ,06-Nov-2008,80.00,76.25,92.00,76.25,90.00,85.90,83.79,10831,9.07,-,9016,83.24
IVC,EQ,07-Nov-2008,85.90,90.00,99.00,82.55,83.50,83.55,85.48,1891,1.62,-,1549,81.91
IVC,EQ,10-Nov-2008,83.55,85.00,85.10,78.20,78.20,79.60,82.26,3316,2.73,-,2465,74.34
IVC,EQ,11-Nov-2008,79.60,86.90,86.90,73.55,75.00,75.00,75.48,5025,3.79,-,3812,75.86
IVC,EQ,12-Nov-2008,75.00,77.00,78.00,73.00,75.00,74.85,74.89,954,0.71,-,772,80.92
IVC,EQ,14-Nov-2008,74.85,73.00,75.05,71.10,72.50,73.50,73.61,2335,1.72,-,1130,48.39
IVC,EQ,17-Nov-2008,73.50,70.00,74.55,70.00,74.50,74.00,72.92,3380,2.46,-,2272,67.22
IVC,EQ,18-Nov-2008,74.00,70.50,77.00,67.65,77.00,75.25,73.65,3053,2.25,-,1824,59.74
IVC,EQ,19-Nov-2008,75.25,72.00,74.75,70.00,74.50,72.15,72.82,941,0.69,-,468,49.73
IVC,EQ,20-Nov-2008,72.15,70.00,74.25,68.00,73.90,72.15,70.48,12606,8.89,-,12511,99.25
IVC,EQ,21-Nov-2008,72.15,65.40,74.00,65.40,72.30,72.30,72.10,727,0.52,-,696,95.74
IVC,EQ,24-Nov-2008,72.30,71.50,74.95,71.50,71.55,72.20,71.55,1700,1.22,-,1685,99.12
IVC,EQ,25-Nov-2008,72.20,72.10,74.95,72.10,74.95,73.10,73.60,1084,0.80,-,1000,92.25
IVC,EQ,26-Nov-2008,73.10,66.35,73.80,66.35,73.80,73.80,72.58,66,0.05,-,49,74.24
IVC,EQ,28-Nov-2008,73.80,88.00,88.55,66.00,88.55,86.05,85.96,10717,9.21,-,10100,94.24
IVC,EQ,01-Dec-2008,86.05,80.30,84.00,77.10,79.55,79.70,80.19,1274,1.02,-,1127,88.46
IVC,EQ,02-Dec-2008,79.70,81.00,81.00,73.05,75.50,74.80,75.44,1948,1.47,-,1655,84.96
IVC,EQ,03-Dec-2008,74.80,71.00,78.00,71.00,77.95,76.60,74.84,780,0.58,-,750,96.15
IVC,EQ,04-Dec-2008,76.60,76.05,84.60,76.05,80.00,81.90,79.09,1357,1.07,-,1204,88.73
IVC,EQ,05-Dec-2008,81.90,80.00,87.00,78.50,86.70,86.05,82.73,6414,5.31,-,5855,91.28
IVC,EQ,08-Dec-2008,86.05,84.00,87.90,82.10,83.35,85.00,85.07,2571,2.19,-,2344,91.17
IVC,EQ,10-Dec-2008,85.00,85.50,99.00,85.10,92.00,93.30,94.20,6137,5.78,-,3693,60.18
IVC,EQ,11-Dec-2008,93.30,91.10,94.45,89.10,94.45,92.95,91.07,6444,5.87,-,4786,74.27
IVC,EQ,12-Dec-2008,92.95,78.00,99.95,78.00,99.90,99.55,97.97,6731,6.59,-,5450,80.97
IVC,EQ,15-Dec-2008,99.55,90.55,99.95,90.55,97.55,97.45,97.59,10184,9.94,-,9838,96.60
IVC,EQ,16-Dec-2008,97.45,98.00,106.95,98.00,101.50,101.15,100.86,4620,4.66,-,4219,91.32
IVC,EQ,17-Dec-2008,101.15,103.00,103.85,91.10,91.10,94.70,96.75,3683,3.56,-,3634,98.67
IVC,EQ,18-Dec-2008,94.70,86.00,103.45,86.00,100.60,102.40,100.22,1369,1.37,-,1338,97.74
IVC,EQ,19-Dec-2008,102.40,86.00,107.00,86.00,96.50,100.65,102.36,1957,2.00,-,1242,63.46
IVC,EQ,22-Dec-2008,100.65,100.00,118.70,99.25,113.30,116.75,112.55,9357,10.53,-,8240,88.06
IVC,EQ,23-Dec-2008,116.75,115.00,128.50,107.30,116.10,116.45,117.92,10506,12.39,-,9497,90.40
IVC,EQ,24-Dec-2008,116.45,114.00,125.70,106.00,125.70,121.10,118.19,13663,16.15,-,13174,96.42
IVC,EQ,26-Dec-2008,121.10,119.00,122.00,111.00,114.00,114.20,114.33,1764,2.02,-,1044,59.18
IVC,EQ,29-Dec-2008,114.20,110.00,125.65,110.00,125.65,124.25,119.94,10830,12.99,-,7923,73.16
IVC,EQ,30-Dec-2008,124.25,117.20,133.00,117.20,133.00,129.55,127.50,14264,18.19,-,11225,78.69
IVC,EQ,31-Dec-2008,129.55,125.00,130.05,121.00,121.00,121.90,123.68,6754,8.35,-,3783,56.01
IVC,EQ,01-Jan-2009,121.90,128.00,128.00,120.00,122.80,122.50,122.43,2503,3.06,-,2370,94.69
IVC,EQ,02-Jan-2009,122.50,123.00,123.60,117.35,119.00,121.35,120.84,3395,4.10,-,3078,90.66
IVC,EQ,05-Jan-2009,121.35,125.90,128.70,119.10,123.90,122.60,122.37,3081,3.77,-,2037,66.11
IVC,EQ,06-Jan-2009,122.60,129.40,130.00,119.05,126.00,126.70,126.25,6544,8.26,-,5914,90.37
IVC,EQ,07-Jan-2009,126.70,129.10,130.00,118.15,127.90,124.40,122.23,9775,11.95,-,9213,94.25
IVC,EQ,09-Jan-2009,124.40,120.00,124.70,115.00,115.00,115.65,117.74,2346,2.76,-,2286,97.44
IVC,EQ,12-Jan-2009,115.65,114.00,117.95,112.00,115.00,115.00,114.36,1722,1.97,-,1600,92.92
IVC,EQ,13-Jan-2009,115.00,107.00,119.00,107.00,107.10,107.90,112.62,1464,1.65,-,846,57.79
IVC,EQ,14-Jan-2009,107.90,103.00,109.90,103.00,107.90,107.90,106.58,1660,1.77,-,1230,74.10
IVC,EQ,15-Jan-2009,107.90,105.00,112.50,103.00,110.00,110.05,109.16,1624,1.77,-,1285,79.13
IVC,EQ,16-Jan-2009,110.05,107.10,114.90,105.05,110.00,110.75,108.84,10890,11.85,-,7617,69.94
IVC,EQ,19-Jan-2009,110.75,111.00,112.95,107.75,108.00,107.85,109.87,3991,4.38,-,1166,29.22
IVC,EQ,20-Jan-2009,107.85,106.00,111.95,106.00,111.95,111.95,109.65,853,0.94,-,400,46.89
IVC,EQ,21-Jan-2009,111.95,109.10,110.00,106.00,106.00,108.05,108.35,3377,3.66,-,2919,86.44
IVC,EQ,22-Jan-2009,108.05,104.35,110.95,104.35,109.00,108.85,108.77,2314,2.52,-,1830,79.08
IVC,EQ,23-Jan-2009,108.85,107.30,107.30,103.10,103.25,103.45,104.80,661,0.69,-,603,91.23
IVC,EQ,27-Jan-2009,103.45,109.95,109.95,102.00,105.50,105.50,104.41,110,0.11,-,70,63.64
IVC,EQ,28-Jan-2009,105.50,105.00,108.75,100.00,103.00,102.30,101.41,1627,1.65,-,1492,91.70
IVC,EQ,29-Jan-2009,102.30,100.05,107.95,100.05,102.45,102.25,102.59,2305,2.36,-,1962,85.12
IVC,EQ,30-Jan-2009,102.25,100.85,103.95,100.85,103.50,102.70,102.23,652,0.67,-,352,53.99
IVC,EQ,02-Feb-2009,102.70,110.00,110.00,95.75,98.00,98.15,98.50,2794,2.75,-,1595,57.09
IVC,EQ,03-Feb-2009,98.15,99.25,99.25,97.00,97.00,97.00,99.12,441,0.44,-,439,99.55
IVC,EQ,04-Feb-2009,97.00,96.15,99.00,96.15,99.00,99.00,98.70,236,0.23,-,233,98.73
IVC,EQ,05-Feb-2009,99.00,99.95,99.95,97.00,97.00,97.55,98.44,2528,2.49,-,2065,81.69
IVC,EQ,06-Feb-2009,97.55,97.55,97.55,97.00,97.00,97.15,97.38,805,0.78,-,771,95.78
IVC,EQ,09-Feb-2009,97.15,95.10,98.00,92.10,98.00,97.25,94.60,1052,1.00,-,774,73.57
IVC,EQ,11-Feb-2009,97.25,104.70,104.70,97.00,100.00,99.50,99.82,3542,3.54,-,3424,96.67
IVC,EQ,12-Feb-2009,99.50,99.05,100.00,97.25,97.50,97.80,98.58,636,0.63,-,635,99.84
IVC,EQ,13-Feb-2009,97.80,99.00,102.70,99.00,101.00,101.10,101.21,1605,1.62,-,1480,92.21
IVC,EQ,16-Feb-2009,101.10,100.10,103.50,98.10,99.95,98.30,99.11,1957,1.94,-,1647,84.16
IVC,EQ,17-Feb-2009,98.30,99.90,100.70,95.65,99.50,97.10,97.70,306,0.30,-,301,98.37
IVC,EQ,18-Feb-2009,97.10,96.60,101.00,96.60,101.00,99.65,98.39,1479,1.46,-,1474,99.66
IVC,EQ,19-Feb-2009,99.65,97.20,101.95,97.20,101.95,101.80,99.42,1678,1.67,-,1671,99.58
IVC,EQ,20-Feb-2009,101.80,99.00,101.00,97.40,101.00,100.10,99.48,5241,5.21,-,4694,89.56
IVC,EQ,24-Feb-2009,100.10,97.00,102.00,93.10,102.00,100.05,99.43,16254,16.16,-,14775,90.90
IVC,EQ,26-Feb-2009,100.05,95.30,99.50,94.00,95.00,95.00,95.32,1784,1.70,-,1403,78.64
IVC,EQ,27-Feb-2009,95.00,91.55,101.90,91.50,94.00,94.00,95.04,992,0.94,-,636,64.11
IVC,EQ,02-Mar-2009,94.00,90.00,97.75,90.00,92.00,92.15,91.72,8958,8.22,-,8521,95.12
IVC,EQ,03-Mar-2009,92.15,95.00,95.95,90.00,90.00,90.05,90.48,7903,7.15,-,7388,93.48
IVC,EQ,04-Mar-2009,90.05,86.00,91.00,86.00,90.00,90.00,90.02,6789,6.11,-,6743,99.32
IVC,EQ,05-Mar-2009,90.00,85.55,85.55,81.00,81.00,81.00,81.96,2250,1.84,-,1879,83.51
IVC,EQ,06-Mar-2009,81.00,78.00,88.90,78.00,80.00,81.30,82.71,4263,3.53,-,3031,71.10
IVC,EQ,09-Mar-2009,81.30,78.25,85.50,78.25,80.65,81.80,82.12,1119,0.92,-,662,59.16
IVC,EQ,12-Mar-2009,81.80,80.55,88.00,80.55,86.00,85.70,85.53,1904,1.63,-,1801,94.59
IVC,EQ,13-Mar-2009,85.70,84.10,87.95,84.10,85.10,85.00,85.08,4055,3.45,-,4013,98.96
IVC,EQ,16-Mar-2009,85.00,87.00,89.40,87.00,87.90,87.35,87.72,60,0.05,-,43,71.67
IVC,EQ,17-Mar-2009,87.35,89.00,89.50,80.60,81.60,81.70,85.09,1205,1.03,-,844,70.04
IVC,EQ,18-Mar-2009,81.70,82.00,83.95,82.00,82.65,82.65,82.94,504,0.42,-,450,89.29
IVC,EQ,19-Mar-2009,82.65,82.65,88.90,82.65,86.00,86.20,86.38,1031,0.89,-,200,19.40
IVC,EQ,20-Mar-2009,86.20,82.50,85.00,82.50,85.00,85.00,84.09,355,0.30,-,351,98.87
IVC,EQ,23-Mar-2009,85.00,85.05,90.50,85.00,85.10,85.10,86.96,1377,1.20,-,962,69.86
IVC,EQ,24-Mar-2009,85.10,93.50,93.50,85.00,85.00,85.20,87.04,1737,1.51,-,1231,70.87
IVC,EQ,25-Mar-2009,85.20,88.90,88.90,85.35,86.95,86.85,87.03,386,0.34,-,245,63.47
IVC,EQ,26-Mar-2009,86.85,85.30,85.65,85.30,85.65,85.65,85.43,62,0.05,-,52,83.87
IVC,EQ,27-Mar-2009,85.65,86.50,91.90,86.50,87.00,87.00,90.56,825,0.75,-,605,73.33
IVC,EQ,30-Mar-2009,87.00,85.50,87.05,85.00,86.55,86.20,86.42,1640,1.42,-,1131,68.96
IVC,EQ,31-Mar-2009,86.20,85.00,89.30,85.00,86.50,86.50,87.03,456,0.40,-,146,32.02
IVC,EQ,01-Apr-2009,86.50,87.50,89.30,87.50,89.00,89.00,88.51,1314,1.16,-,1108,84.32
IVC,EQ,02-Apr-2009,89.00,89.00,99.95,85.50,89.50,91.30,92.94,3871,3.60,-,2881,74.43
IVC,EQ,06-Apr-2009,91.30,90.00,96.00,89.35,92.10,95.00,94.70,1872,1.77,-,1771,94.60
IVC,EQ,08-Apr-2009,95.00,96.00,104.90,96.00,104.90,102.65,101.46,712,0.72,-,701,98.46
IVC,EQ,09-Apr-2009,102.65,108.90,108.90,92.00,100.00,98.75,99.72,3778,3.77,-,2923,77.37
IVC,EQ,13-Apr-2009,98.75,104.90,104.90,97.60,98.50,99.75,100.43,2458,2.47,-,1971,80.19
IVC,EQ,15-Apr-2009,99.75,81.00,105.00,81.00,103.10,104.50,102.68,4060,4.17,-,2575,63.42
IVC,EQ,16-Apr-2009,104.50,106.00,106.00,96.20,96.20,99.10,103.23,2019,2.08,-,961,47.60
IVC,EQ,17-Apr-2009,99.10,101.00,104.00,100.00,103.45,103.60,100.53,2461,2.47,-,2399,97.48
IVC,EQ,20-Apr-2009,103.60,99.00,105.50,99.00,103.05,104.00,103.05,3716,3.83,-,2906,78.20
IVC,EQ,21-Apr-2009,104.00,93.50,109.80,93.50,103.05,103.05,105.60,3204,3.38,-,3139,97.97
IVC,EQ,22-Apr-2009,103.05,106.00,110.00,103.00,107.00,107.25,106.92,2099,2.24,-,1716,81.75
IVC,EQ,23-Apr-2009,107.25,100.00,116.40,100.00,108.50,108.15,108.77,10141,11.03,-,8160,80.47
IVC,EQ,24-Apr-2009,108.15,112.70,114.35,108.30,114.35,113.30,111.55,10439,11.64,-,8092,77.52
IVC,EQ,27-Apr-2009,113.30,104.00,116.00,104.00,114.00,113.60,114.29,5271,6.02,-,5119,97.12
IVC,EQ,28-Apr-2009,113.60,113.00,125.00,111.15,113.60,112.60,119.05,35647,42.44,-,6616,18.56
IVC,EQ,29-Apr-2009,112.60,114.00,117.00,113.25,113.75,113.95,114.32,650,0.74,-,482,74.15
IVC,EQ,04-May-2009,113.95,113.55,116.00,110.00,112.00,113.10,113.15,5688,6.44,-,4004,70.39
IVC,EQ,05-May-2009,113.10,115.00,119.90,112.00,115.55,116.25,113.43,20190,22.90,-,18996,94.09
IVC,EQ,06-May-2009,116.25,115.25,118.05,113.90,113.90,113.95,115.89,6773,7.85,-,5133,75.79
IVC,EQ,07-May-2009,113.95,113.25,125.80,113.25,122.00,120.20,121.71,57579,70.08,-,8916,15.48
IVC,EQ,08-May-2009,120.20,119.05,119.10,110.05,116.00,116.00,116.47,7162,8.34,-,4977,69.49
IVC,EQ,11-May-2009,116.00,102.00,117.90,102.00,114.50,114.50,115.37,5206,6.01,-,4333,83.23
IVC,EQ,12-May-2009,114.50,111.20,116.00,111.20,114.55,115.30,114.65,3430,3.93,-,3325,96.94
IVC,EQ,13-May-2009,115.30,117.85,117.90,114.50,115.00,115.10,115.45,2239,2.58,-,1735,77.49
IVC,EQ,14-May-2009,115.10,115.00,124.90,115.00,124.00,123.55,120.99,13196,15.97,-,11590,87.83
IVC,EQ,15-May-2009,123.55,118.85,123.90,118.85,121.00,121.00,121.71,3025,3.68,-,2704,89.39
IVC,EQ,19-May-2009,121.00,120.25,135.00,115.00,126.00,126.45,124.38,10181,12.66,-,8059,79.16
IVC,EQ,20-May-2009,126.45,149.00,149.00,126.00,140.00,141.15,136.59,16875,23.05,-,12597,74.65
IVC,EQ,21-May-2009,141.15,136.60,147.90,136.50,142.50,140.25,141.20,3819,5.39,-,2473,64.76
IVC,EQ,22-May-2009,140.25,141.00,147.00,136.15,138.55,140.65,140.01,3361,4.71,-,2950,87.77
IVC,EQ,25-May-2009,140.65,139.05,142.90,136.05,139.00,139.05,138.95,5020,6.98,-,4232,84.30
IVC,EQ,26-May-2009,139.05,139.05,144.50,132.50,132.60,132.70,139.67,8531,11.92,-,6538,76.64
IVC,EQ,27-May-2009,132.70,132.70,138.00,132.70,136.20,136.30,136.14,749,1.02,-,533,71.16
IVC,EQ,28-May-2009,136.30,163.00,163.00,137.05,144.00,142.95,143.35,11025,15.80,-,8034,72.87
IVC,EQ,29-May-2009,142.95,146.90,146.90,139.60,144.00,143.45,142.88,3709,5.30,-,2842,76.62
IVC,EQ,01-Jun-2009,143.45,145.00,149.50,144.15,147.10,148.30,147.39,7833,11.55,-,4773,60.93
IVC,EQ,02-Jun-2009,148.30,147.00,149.90,143.25,147.00,146.90,146.61,1712,2.51,-,1360,79.44
IVC,EQ,03-Jun-2009,146.90,154.00,154.00,128.00,149.00,146.15,149.24,4830,7.21,-,3964,82.07
IVC,EQ,04-Jun-2009,146.15,157.00,157.00,143.10,150.00,149.45,148.26,8168,12.11,-,6752,82.66
IVC,EQ,05-Jun-2009,149.45,156.95,156.95,146.10,148.55,150.10,150.23,7890,11.85,-,6701,84.93
IVC,EQ,08-Jun-2009,150.10,147.25,154.75,144.15,148.05,149.25,151.50,7777,11.78,-,6037,77.63
IVC,EQ,09-Jun-2009,149.25,145.00,148.90,141.60,143.10,143.95,144.33,3282,4.74,-,2182,66.48
IVC,EQ,10-Jun-2009,143.95,150.00,152.00,146.15,146.50,147.35,149.33,7060,10.54,-,6563,92.96
IVC,EQ,11-Jun-2009,147.35,159.00,159.00,140.75,149.80,149.20,147.65,4792,7.08,-,3650,76.17
IVC,EQ,12-Jun-2009,149.20,151.00,151.00,142.10,146.70,145.65,145.69,2721,3.96,-,2080,76.44
IVC,EQ,15-Jun-2009,145.65,141.00,146.50,139.75,144.60,141.50,143.29,2356,3.38,-,2215,94.02
IVC,EQ,16-Jun-2009,141.50,136.60,146.00,136.60,146.00,144.30,143.14,1880,2.69,-,1601,85.16
IVC,EQ,17-Jun-2009,144.30,150.00,150.10,139.10,140.05,141.90,147.16,8528,12.55,-,4673,54.80
IVC,EQ,18-Jun-2009,141.90,147.00,147.00,137.05,139.55,140.95,139.97,4449,6.23,-,2660,59.79
IVC,EQ,19-Jun-2009,140.95,140.50,144.00,136.00,138.50,138.35,138.39,3815,5.28,-,3068,80.42
IVC,EQ,22-Jun-2009,138.35,142.95,148.50,141.80,144.00,141.95,142.73,2937,4.19,-,1960,66.73
IVC,EQ,23-Jun-2009,141.95,142.00,144.00,130.00,141.00,140.95,138.01,6232,8.60,-,4092,65.66
IVC,EQ,24-Jun-2009,140.95,139.05,142.75,136.00,141.50,141.00,137.86,4133,5.70,-,3034,73.41
IVC,EQ,25-Jun-2009,141.00,142.00,147.00,141.50,142.50,142.75,144.47,28097,40.59,-,20603,73.33
IVC,EQ,26-Jun-2009,142.75,148.90,150.00,143.00,145.85,144.70,148.24,28506,42.26,-,27451,96.30
IVC,EQ,29-Jun-2009,144.70,142.00,150.00,142.00,146.05,147.40,147.47,26046,38.41,-,21944,84.25
IVC,EQ,30-Jun-2009,147.40,144.80,146.95,139.00,139.50,139.60,142.46,7751,11.04,-,5928,76.48
IVC,EQ,01-Jul-2009,139.60,136.60,140.00,136.60,139.00,139.95,139.27,2922,4.07,-,2488,85.15
IVC,EQ,02-Jul-2009,139.95,134.60,141.90,134.60,136.05,138.05,138.06,3766,5.20,-,3356,89.11
IVC,EQ,03-Jul-2009,138.05,134.05,144.00,134.05,142.50,143.55,142.09,5407,7.68,-,4062,75.12
IVC,EQ,06-Jul-2009,143.55,144.90,145.00,139.00,139.00,140.00,141.91,13294,18.87,-,10040,75.52
IVC,EQ,07-Jul-2009,140.00,140.05,141.00,137.40,138.50,137.95,139.86,1454,2.03,-,1406,96.70
IVC,EQ,08-Jul-2009,137.95,135.50,138.85,131.00,132.10,133.75,134.29,3010,4.04,-,1892,62.86
IVC,EQ,09-Jul-2009,133.75,146.00,146.00,126.50,131.95,131.65,130.64,1010,1.32,-,850,84.16
IVC,EQ,10-Jul-2009,131.65,130.00,130.20,126.00,126.00,127.05,128.51,1742,2.24,-,1436,82.43
IVC,EQ,13-Jul-2009,127.05,145.00,145.00,125.60,130.80,130.85,132.35,6209,8.22,-,3352,53.99
IVC,EQ,14-Jul-2009,130.85,136.00,140.00,133.05,140.00,140.00,136.85,5326,7.29,-,3627,68.10
IVC,EQ,15-Jul-2009,140.00,141.00,151.95,137.25,144.25,145.65,144.73,62057,89.82,-,20624,33.23
IVC,EQ,16-Jul-2009,145.65,148.05,150.00,134.00,137.80,139.20,143.20,10040,14.38,-,7162,71.33
IVC,EQ,17-Jul-2009,139.20,138.00,141.70,138.00,139.00,139.10,139.92,7167,10.03,-,5008,69.88
IVC,EQ,20-Jul-2009,139.10,139.05,143.55,139.00,143.00,142.80,141.82,13552,19.22,-,10337,76.28
IVC,EQ,21-Jul-2009,142.80,147.00,148.00,139.55,147.00,146.85,145.60,24142,35.15,-,20720,85.83
IVC,EQ,22-Jul-2009,146.85,153.00,153.00,142.60,148.45,146.80,146.26,9680,14.16,-,7581,78.32
IVC,EQ,23-Jul-2009,146.80,148.00,153.00,144.55,152.00,150.85,149.85,7081,10.61,-,5080,71.74
IVC,EQ,24-Jul-2009,150.85,155.00,155.00,150.00,153.45,153.10,152.52,5360,8.18,-,3906,72.87
IVC,EQ,27-Jul-2009,153.10,155.00,156.00,150.00,152.00,152.65,153.69,18551,28.51,-,16972,91.49
IVC,EQ,28-Jul-2009,152.65,174.90,174.90,152.15,160.85,159.60,158.15,8767,13.86,-,7159,81.66
IVC,EQ,29-Jul-2009,159.60,155.00,161.00,145.00,160.00,157.75,154.51,7731,11.95,-,4351,56.28
IVC,EQ,30-Jul-2009,157.75,154.00,163.95,154.00,161.00,161.85,160.80,8084,13.00,-,6687,82.72
IVC,EQ,31-Jul-2009,161.85,162.00,168.30,158.00,162.75,161.75,161.60,6342,10.25,-,4964,78.27
IVC,EQ,03-Aug-2009,161.75,152.50,163.95,152.50,161.50,160.70,159.90,8553,13.68,-,4948,57.85
IVC,EQ,04-Aug-2009,160.70,163.00,163.25,157.85,163.00,162.65,161.67,7259,11.74,-,6244,86.02
IVC,EQ,05-Aug-2009,162.65,163.00,164.00,156.00,163.00,163.40,162.98,5098,8.31,-,3255,63.85
IVC,EQ,06-Aug-2009,163.40,170.00,186.60,163.15,172.00,171.00,171.16,829165,1419.18,-,815081,98.30
IVC,EQ,07-Aug-2009,171.00,172.00,178.90,162.00,164.75,164.25,168.01,16691,28.04,-,7455,44.66
IVC,EQ,10-Aug-2009,164.25,169.00,172.85,165.05,169.40,168.15,168.50,8462,14.26,-,6649,78.57
IVC,EQ,11-Aug-2009,168.15,161.00,173.50,161.00,169.00,171.85,172.21,11191,19.27,-,10669,95.34
IVC,EQ,12-Aug-2009,171.85,199.00,206.20,160.00,174.50,173.95,174.06,14993,26.10,-,10554,70.39
IVC,EQ,13-Aug-2009,173.95,183.95,184.90,174.25,180.00,180.80,180.08,35426,63.80,-,25567,72.17
IVC,EQ,14-Aug-2009,180.80,184.95,184.95,180.00,180.00,180.35,180.74,15103,27.30,-,9806,64.93
IVC,EQ,17-Aug-2009,180.35,182.00,182.00,175.00,175.00,175.40,177.35,7816,13.86,-,7057,90.29
IVC,EQ,18-Aug-2009,175.40,170.10,188.00,170.10,183.50,183.45,184.47,45322,83.60,-,22425,49.48
IVC,EQ,19-Aug-2009,183.45,185.00,185.00,175.00,176.60,176.95,180.45,8508,15.35,-,4844,56.93
IVC,EQ,20-Aug-2009,176.95,183.95,183.95,174.00,175.10,175.05,176.60,15652,27.64,-,11736,74.98
IVC,EQ,21-Aug-2009,175.05,204.00,204.00,177.15,181.00,181.40,181.14,16811,30.45,-,12155,72.30
IVC,EQ,24-Aug-2009,181.40,180.00,185.00,177.00,180.95,180.20,180.39,9324,16.82,-,5848,62.72
IVC,EQ,25-Aug-2009,180.20,183.70,216.25,177.00,206.40,205.50,203.23,136364,277.14,-,56040,41.10
IVC,EQ,26-Aug-2009,205.50,206.00,226.00,190.55,190.55,194.50,210.50,80206,168.83,-,45607,56.86
IVC,EQ,27-Aug-2009,194.50,197.00,199.80,191.10,193.00,192.85,196.14,16464,32.29,-,10371,62.99
IVC,EQ,28-Aug-2009,192.85,195.00,231.45,195.00,230.20,230.35,224.10,408205,914.80,-,133069,32.60
IVC,EQ,31-Aug-2009,230.35,233.25,276.45,223.00,265.90,266.10,263.60,1584304,4176.29,-,410826,25.93
IVC,EQ,01-Sep-2009,266.10,276.00,282.70,245.10,246.00,246.60,262.17,785263,2058.75,-,195434,24.89
IVC,EQ,02-Sep-2009,246.60,248.00,257.00,236.75,237.90,237.95,247.03,256416,633.42,-,77391,30.18
IVC,EQ,03-Sep-2009,237.95,240.00,246.00,230.25,233.60,233.55,238.56,158926,379.14,-,45510,28.64
IVC,EQ,04-Sep-2009,233.55,234.10,239.00,227.05,230.00,229.95,232.25,158222,367.47,-,50521,31.93
IVC,EQ,07-Sep-2009,229.95,233.90,251.00,231.50,246.85,247.30,242.90,231712,562.83,-,79505,34.31
IVC,EQ,08-Sep-2009,247.30,252.00,257.00,238.35,241.90,241.30,250.06,190827,477.18,-,63816,33.44
IVC,EQ,09-Sep-2009,241.30,240.00,246.00,233.50,238.65,238.50,240.81,82447,198.54,-,33323,40.42
IVC,EQ,10-Sep-2009,238.50,243.05,244.95,230.00,231.00,232.30,236.41,82335,194.65,-,45689,55.49
IVC,EQ,11-Sep-2009,232.30,235.00,238.00,222.30,226.00,225.05,228.07,72099,164.44,-,38914,53.97
IVC,EQ,14-Sep-2009,225.05,224.00,236.00,215.50,233.00,232.85,230.81,99965,230.72,-,24948,24.96
IVC,EQ,15-Sep-2009,232.85,234.90,256.15,230.35,256.15,256.15,249.41,375893,937.51,-,127569,33.94
IVC,EQ,16-Sep-2009,256.15,56.40,56.40,49.20,56.40,56.40,55.21,3158732,1743.85,-,642881,20.35
IVC,EQ,17-Sep-2009,56.40,57.40,58.30,52.70,53.35,53.40,55.35,781002,432.26,-,403565,51.67
IVC,EQ,18-Sep-2009,53.40,52.75,54.60,51.75,52.15,52.15,53.11,211773,112.47,-,88433,41.76
IVC,EQ,22-Sep-2009,52.15,52.00,52.00,49.10,49.35,49.55,50.18,452812,227.22,-,237150,52.37
IVC,EQ,23-Sep-2009,49.55,49.00,51.80,48.30,48.60,48.90,50.20,322847,162.06,-,147234,45.60
IVC,EQ,24-Sep-2009,48.90,47.55,48.80,47.00,47.60,47.95,47.93,224020,107.37,-,127087,56.73
IVC,EQ,25-Sep-2009,47.95,47.10,48.90,46.50,47.10,47.00,47.72,198748,94.84,-,108226,54.45
IVC,EQ,29-Sep-2009,47.00,47.40,51.70,46.05,51.70,51.65,50.33,573729,288.74,-,224817,39.19
IVC,EQ,30-Sep-2009,51.65,51.40,55.00,49.40,53.35,53.70,52.91,1153085,610.10,-,392674,34.05
IVC,EQ,01-Oct-2009,53.70,53.45,54.75,52.50,52.85,53.25,53.56,713770,382.28,-,249544,34.96
IVC,EQ,05-Oct-2009,53.25,53.00,53.00,49.60,49.95,50.25,51.62,356527,184.03,-,225885,63.36
IVC,EQ,06-Oct-2009,50.25,50.50,51.20,47.60,48.50,48.80,48.77,272836,133.08,-,111960,41.04
IVC,EQ,07-Oct-2009,48.80,49.50,53.40,49.00,50.85,50.80,51.23,710105,363.80,-,267370,37.65
IVC,EQ,08-Oct-2009,50.80,51.00,51.70,49.00,49.00,49.35,50.29,224886,113.09,-,94221,41.90
IVC,EQ,09-Oct-2009,49.35,49.95,50.50,48.10,48.15,48.60,49.14,198669,97.63,-,93842,47.24
IVC,EQ,12-Oct-2009,48.60,49.35,49.90,48.05,48.40,48.30,48.73,168255,82.00,-,88909,52.84
IVC,EQ,14-Oct-2009,48.30,48.55,51.20,48.00,48.80,48.80,49.68,376001,186.78,-,116895,31.09
IVC,EQ,15-Oct-2009,48.80,50.50,50.50,47.60,47.60,47.95,48.28,146505,70.73,-,70781,48.31
IVC,EQ,16-Oct-2009,47.95,47.95,48.50,47.00,47.30,47.50,47.84,170768,81.69,-,64939,38.03
IVC,EQ,17-Oct-2009,47.50,49.25,49.25,48.00,48.70,48.60,48.57,66781,32.43,-,42064,62.99
IVC,EQ,20-Oct-2009,48.60,49.20,49.60,48.00,48.10,48.10,48.80,143474,70.01,-,64227,44.77
IVC,EQ,21-Oct-2009,48.10,48.00,48.80,46.80,46.80,47.10,47.68,135735,64.71,-,85764,63.18
IVC,EQ,22-Oct-2009,47.10,47.00,47.40,45.75,46.35,46.15,46.57,104133,48.50,-,52946,50.84
IVC,EQ,23-Oct-2009,46.15,46.30,47.25,45.10,45.45,45.75,46.26,94020,43.50,-,45870,48.79
IVC,EQ,26-Oct-2009,45.75,45.95,46.95,44.65,45.70,45.50,45.78,112823,51.65,-,52073,46.15
IVC,EQ,27-Oct-2009,45.50,45.50,46.00,42.10,43.00,42.80,43.82,106942,46.86,-,53983,50.48
IVC,EQ,28-Oct-2009,42.80,42.50,43.55,41.00,42.40,42.75,42.49,127277,54.08,-,57967,45.54
IVC,EQ,29-Oct-2009,42.75,41.00,42.00,40.60,41.20,41.05,41.38,73562,30.44,-,41913,56.98
IVC,EQ,30-Oct-2009,41.05,42.00,43.80,40.85,43.10,43.05,42.77,252831,108.15,-,128457,50.81
IVC,EQ,03-Nov-2009,43.05,42.00,42.80,39.50,39.85,40.55,41.63,108054,44.98,-,60997,56.45
IVC,EQ,04-Nov-2009,40.55,41.00,41.90,40.05,40.65,40.55,40.68,69129,28.12,-,36903,53.38
IVC,EQ,05-Nov-2009,40.55,41.45,42.50,40.60,41.60,41.80,41.60,103370,43.00,-,32825,31.75
IVC,EQ,06-Nov-2009,41.80,42.50,43.00,41.45,41.95,41.65,42.12,108203,45.57,-,52718,48.72
IVC,EQ,09-Nov-2009,41.65,40.60,47.00,40.60,46.00,45.50,44.27,198758,87.98,-,92850,46.72
IVC,EQ,10-Nov-2009,45.50,46.75,47.70,44.00,44.70,44.55,45.74,110917,50.73,-,65853,59.37
IVC,EQ,11-Nov-2009,44.55,43.15,45.50,43.15,45.10,45.05,44.84,97471,43.70,-,56704,58.18
IVC,EQ,12-Nov-2009,45.05,46.85,46.85,42.00,43.85,43.30,43.95,53687,23.60,-,27027,50.34
IVC,EQ,13-Nov-2009,43.30,43.30,44.85,42.60,43.05,42.95,43.08,65521,28.22,-,37001,56.47
IVC,EQ,16-Nov-2009,42.95,44.50,47.05,44.50,45.40,45.65,45.64,108928,49.72,-,51351,47.14
IVC,EQ,17-Nov-2009,45.65,45.00,45.60,44.10,44.40,44.45,44.61,30913,13.79,-,19618,63.46
IVC,EQ,18-Nov-2009,44.45,44.10,47.00,44.10,45.60,45.65,45.85,116976,53.63,-,40442,34.57
IVC,EQ,19-Nov-2009,45.65,46.00,47.10,44.60,44.60,45.05,46.03,99870,45.97,-,41843,41.90
IVC,EQ,20-Nov-2009,45.05,45.05,46.00,43.75,44.45,44.85,44.91,55699,25.02,-,23508,42.21
IVC,EQ,23-Nov-2009,44.85,44.50,45.60,44.40,44.60,44.95,44.99,57829,26.02,-,35583,61.53
IVC,EQ,24-Nov-2009,44.95,45.00,46.80,44.60,45.30,45.20,45.61,71195,32.47,-,24076,33.82
IVC,EQ,25-Nov-2009,45.20,45.00,45.70,44.00,44.25,44.30,44.91,37501,16.84,-,16611,44.29
IVC,EQ,26-Nov-2009,44.30,44.25,44.40,42.00,42.40,42.40,43.09,60214,25.95,-,33266,55.25
IVC,EQ,27-Nov-2009,42.40,40.50,41.90,37.00,41.30,41.25,40.39,151887,61.34,-,74324,48.93
IVC,EQ,30-Nov-2009,41.25,41.45,42.90,41.10,41.10,41.80,42.36,72359,30.65,-,41267,57.03
IVC,EQ,01-Dec-2009,41.80,42.50,43.60,41.90,42.60,42.35,42.56,59811,25.46,-,32544,54.41
IVC,EQ,02-Dec-2009,42.35,44.00,46.25,42.25,44.35,44.45,45.05,226921,102.22,-,108339,47.74
IVC,EQ,03-Dec-2009,44.45,44.65,45.10,43.75,43.80,44.10,44.55,42524,18.94,-,23915,56.24
IVC,EQ,04-Dec-2009,44.10,43.75,45.95,43.35,43.50,43.80,44.53,251636,112.07,-,104865,41.67
IVC,EQ,07-Dec-2009,43.80,43.15,46.50,43.15,45.00,45.25,45.18,222341,100.46,-,134047,60.29
IVC,EQ,08-Dec-2009,45.25,45.00,45.85,43.90,45.00,44.90,44.64,98613,44.02,-,55682,56.47
IVC,EQ,09-Dec-2009,44.90,44.75,46.45,44.50,44.90,44.85,45.24,116339,52.63,-,50933,43.78
IVC,EQ,10-Dec-2009,44.85,44.50,45.85,44.25,44.25,44.60,44.91,43540,19.55,-,23814,54.69
IVC,EQ,11-Dec-2009,44.60,44.00,46.30,43.00,44.00,44.00,44.57,82470,36.76,-,38189,46.31
IVC,EQ,14-Dec-2009,44.00,44.70,45.45,43.20,45.00,44.75,44.62,97750,43.62,-,52681,53.89
IVC,EQ,15-Dec-2009,44.75,44.00,45.20,41.75,42.25,42.20,43.15,139001,59.98,-,93412,67.20
IVC,EQ,16-Dec-2009,42.20,42.80,46.50,41.60,45.10,44.90,44.92,456281,204.95,-,197790,43.35
IVC,EQ,17-Dec-2009,44.90,45.60,47.30,45.00,45.55,45.45,46.16,439761,203.00,-,108351,24.64
IVC,EQ,18-Dec-2009,45.45,45.00,46.00,44.00,44.20,44.10,44.77,160476,71.84,-,53399,33.28
IVC,EQ,21-Dec-2009,44.10,45.10,45.25,43.40,43.40,43.65,44.05,60058,26.46,-,32817,54.64
IVC,EQ,22-Dec-2009,43.65,44.00,44.20,43.10,43.60,43.65,43.74,48615,21.27,-,26820,55.17
IVC,EQ,23-Dec-2009,43.65,44.25,44.55,43.35,44.15,44.15,44.14,58640,25.88,-,34843,59.42
IVC,EQ,24-Dec-2009,44.15,44.30,45.15,43.75,44.30,44.65,44.59,115776,51.63,-,67665,58.44
IVC,EQ,29-Dec-2009,44.65,44.35,45.45,44.35,44.90,44.75,45.06,62558,28.19,-,32941,52.66
IVC,EQ,30-Dec-2009,44.75,45.00,45.35,44.65,44.75,44.75,44.91,37072,16.65,-,19913,53.71
IVC,EQ,31-Dec-2009,44.75,45.75,47.00,44.90,45.00,45.10,45.94,145486,66.83,-,41899,28.80
IVC,EQ,04-Jan-2010,45.10,45.65,46.05,44.55,44.90,44.85,45.28,119690,54.19,-,72050,60.20
IVC,EQ,05-Jan-2010,44.85,44.90,45.95,44.75,45.00,45.10,45.21,225330,101.87,-,115255,51.15
IVC,EQ,06-Jan-2010,45.10,45.30,49.50,45.10,48.00,47.95,48.09,1198826,576.46,-,453712,37.85
IVC,EQ,07-Jan-2010,47.95,48.20,48.45,46.65,46.95,46.95,47.39,105988,50.23,-,57980,54.70
IVC,EQ,08-Jan-2010,46.95,47.25,48.35,46.15,46.60,46.60,47.36,285891,135.40,-,155826,54.51
IVC,EQ,11-Jan-2010,46.60,47.50,48.45,46.95,47.70,47.75,47.75,251912,120.30,-,154178,61.20
IVC,EQ,12-Jan-2010,47.75,47.95,47.95,46.20,46.60,46.50,47.20,145574,68.71,-,93522,64.24
IVC,EQ,13-Jan-2010,46.50,46.10,47.05,46.10,46.80,46.65,46.60,76693,35.74,-,38193,49.80
IVC,EQ,14-Jan-2010,46.65,47.40,47.70,46.40,46.40,46.55,46.87,70673,33.12,-,42374,59.96
IVC,EQ,15-Jan-2010,46.55,46.90,47.00,46.00,46.00,46.25,46.58,90839,42.31,-,54298,59.77
IVC,EQ,18-Jan-2010,46.25,46.75,47.35,46.00,46.15,46.15,46.62,162052,75.54,-,63723,39.32
IVC,EQ,19-Jan-2010,46.15,46.30,46.30,44.80,45.60,45.50,45.47,185716,84.44,-,110821,59.67
IVC,EQ,20-Jan-2010,45.50,45.05,45.85,43.55,43.75,44.05,44.63,166451,74.28,-,113617,68.26
IVC,EQ,21-Jan-2010,44.05,44.00,44.70,42.70,43.00,43.00,43.56,106673,46.47,-,54183,50.79
IVC,EQ,22-Jan-2010,43.00,42.05,42.75,40.70,42.50,42.30,41.92,119930,50.27,-,55022,45.88
IVC,EQ,25-Jan-2010,42.30,42.50,44.25,42.00,43.10,43.25,43.39,111503,48.38,-,44060,39.51
IVC,EQ,27-Jan-2010,43.25,43.20,43.50,39.75,39.75,40.20,41.31,204268,84.38,-,122148,59.80
IVC,EQ,28-Jan-2010,40.20,40.25,42.20,40.25,41.80,41.45,41.48,195992,81.30,-,119807,61.13
IVC,EQ,29-Jan-2010,41.45,41.95,41.95,40.00,41.45,40.95,40.80,94881,38.71,-,31852,33.57
IVC,EQ,01-Feb-2010,40.95,41.80,42.50,41.00,42.00,41.75,41.81,40741,17.03,-,19418,47.66
IVC,EQ,02-Feb-2010,41.75,44.50,44.50,41.45,41.50,41.65,42.75,87836,37.55,-,51155,58.24
IVC,EQ,03-Feb-2010,41.65,41.95,42.65,41.35,42.05,42.00,42.27,57522,24.32,-,38956,67.72
IVC,EQ,04-Feb-2010,42.00,42.00,42.50,41.05,42.25,42.05,41.78,63629,26.59,-,34644,54.45
IVC,EQ,05-Feb-2010,42.05,39.05,41.50,39.00,40.70,40.95,40.67,55964,22.76,-,34344,61.37
IVC,EQ,06-Feb-2010,40.95,41.10,42.45,40.70,41.00,41.10,41.28,12360,5.10,-,7517,60.82
IVC,EQ,08-Feb-2010,41.10,41.75,43.60,41.30,42.80,43.05,42.64,130248,55.54,-,83914,64.43
IVC,EQ,09-Feb-2010,43.05,42.55,43.40,42.10,42.10,42.35,42.60,32458,13.83,-,17216,53.04
IVC,EQ,10-Feb-2010,42.35,43.00,43.60,42.15,42.55,42.75,42.99,96598,41.53,-,70409,72.89
IVC,EQ,11-Feb-2010,42.75,43.00,43.15,40.90,41.10,41.15,41.44,109980,45.57,-,56587,51.45
IVC,EQ,15-Feb-2010,41.15,42.45,42.45,40.55,40.55,40.75,41.15,70738,29.11,-,38802,54.85
IVC,EQ,16-Feb-2010,40.75,41.20,42.75,40.80,41.75,42.20,41.96,91316,38.32,-,46445,50.86
IVC,EQ,17-Feb-2010,42.20,42.80,42.80,41.25,41.45,41.55,41.87,25238,10.57,-,10916,43.25
IVC,EQ,18-Feb-2010,41.55,41.50,42.90,41.35,42.85,42.50,42.30,72302,30.58,-,41773,57.78
IVC,EQ,19-Feb-2010,42.50,42.15,42.55,40.60,41.00,41.20,41.26,58217,24.02,-,27698,47.58
IVC,EQ,22-Feb-2010,41.20,41.75,42.35,40.50,40.50,40.60,41.01,44591,18.29,-,23439,52.56
IVC,EQ,23-Feb-2010,40.60,41.15,41.15,40.00,40.10,40.20,40.41,40392,16.32,-,23970,59.34
IVC,EQ,24-Feb-2010,40.20,40.05,40.90,39.40,39.55,39.55,39.91,84972,33.92,-,45425,53.46
IVC,EQ,25-Feb-2010,39.55,40.30,40.30,39.35,39.80,39.65,39.89,27696,11.05,-,16307,58.88
IVC,EQ,26-Feb-2010,39.65,40.10,41.80,39.30,39.50,39.55,40.44,85058,34.40,-,33623,39.53
IVC,EQ,02-Mar-2010,39.55,41.00,41.00,40.10,40.75,40.45,40.54,47614,19.30,-,31140,65.40
IVC,EQ,03-Mar-2010,40.45,41.05,41.25,40.30,40.80,40.60,40.79,40251,16.42,-,24129,59.95
IVC,EQ,04-Mar-2010,40.60,40.65,41.80,40.50,41.60,41.55,41.23,66977,27.62,-,39013,58.25
IVC,EQ,05-Mar-2010,41.55,41.70,42.30,41.05,41.40,41.60,41.62,63649,26.49,-,35519,55.80
IVC,EQ,08-Mar-2010,41.60,42.00,43.40,42.00,42.30,42.20,42.68,149305,63.72,-,80790,54.11
IVC,EQ,09-Mar-2010,42.20,43.30,43.30,40.55,40.55,40.85,41.51,94448,39.21,-,63814,67.57
IVC,EQ,10-Mar-2010,40.85,40.75,41.90,40.75,41.35,41.40,41.50,60422,25.08,-,31652,52.38
IVC,EQ,11-Mar-2010,41.40,42.00,43.00,41.50,42.10,42.05,42.20,119364,50.38,-,44058,36.91
IVC,EQ,12-Mar-2010,42.05,40.00,44.45,40.00,40.80,40.90,42.36,251692,106.62,-,104570,41.55
IVC,EQ,15-Mar-2010,40.90,40.80,41.70,39.10,39.30,39.40,40.19,226512,91.05,-,182379,80.52
IVC,EQ,16-Mar-2010,39.40,39.90,40.70,39.50,40.50,40.60,40.17,146507,58.85,-,103953,70.95
IVC,EQ,17-Mar-2010,40.60,40.25,41.40,39.85,40.25,39.95,40.36,49677,20.05,-,30811,62.02
IVC,EQ,18-Mar-2010,39.95,40.50,41.50,40.00,40.30,40.45,40.74,109366,44.56,-,47223,43.18
IVC,EQ,19-Mar-2010,40.45,40.50,41.40,39.90,40.00,40.15,40.45,136377,55.17,-,77955,57.16
IVC,EQ,22-Mar-2010,40.15,39.50,40.35,39.20,39.55,39.50,39.77,68030,27.06,-,38342,56.36
IVC,EQ,23-Mar-2010,39.50,39.45,39.95,38.90,39.10,39.15,39.46,80753,31.86,-,60724,75.20
IVC,EQ,25-Mar-2010,39.15,39.00,40.40,38.65,40.00,40.00,39.64,71958,28.53,-,46559,64.70
IVC,EQ,26-Mar-2010,40.00,40.50,41.00,40.00,40.15,40.35,40.48,82026,33.20,-,49702,60.59
IVC,EQ,29-Mar-2010,40.35,40.00,42.30,39.70,39.80,40.00,41.01,174019,71.37,-,80076,46.02
IVC,EQ,30-Mar-2010,40.00,41.00,41.40,39.80,40.60,40.30,40.60,128831,52.31,-,79430,61.65
IVC,EQ,31-Mar-2010,40.30,40.80,40.80,40.05,40.25,40.10,40.28,36105,14.54,-,28533,79.03
IVC,EQ,01-Apr-2010,40.10,40.50,41.65,40.20,40.70,40.70,40.93,215115,88.05,-,179002,83.21
IVC,EQ,05-Apr-2010,40.70,41.40,42.40,40.80,42.40,42.00,41.62,79518,33.09,-,42592,53.56
IVC,EQ,06-Apr-2010,42.00,42.90,42.90,41.60,42.25,42.10,42.14,49242,20.75,-,33919,68.88
IVC,EQ,07-Apr-2010,42.10,42.70,42.70,41.00,41.40,41.50,41.69,68261,28.45,-,42319,62.00
IVC,EQ,08-Apr-2010,41.50,41.85,42.25,41.30,41.75,41.75,41.86,96927,40.57,-,53886,55.59
IVC,EQ,09-Apr-2010,41.75,42.00,45.70,41.85,42.25,42.60,43.81,508920,222.97,-,165856,32.59
IVC,EQ,12-Apr-2010,42.60,42.90,43.90,42.75,43.25,43.00,43.26,121239,52.45,-,50696,41.81
IVC,EQ,13-Apr-2010,43.00,43.20,43.55,42.70,42.80,42.85,43.01,69452,29.87,-,47985,69.09
IVC,EQ,15-Apr-2010,42.85,43.50,44.35,42.50,43.20,43.15,43.44,263975,114.67,-,178053,67.45
IVC,EQ,16-Apr-2010,43.15,42.80,46.50,42.60,45.75,45.85,44.93,338035,151.87,-,238061,70.42
IVC,EQ,19-Apr-2010,45.85,45.40,45.50,43.70,45.00,45.00,44.88,201334,90.35,-,156847,77.90
IVC,EQ,20-Apr-2010,45.00,45.90,46.95,43.55,43.95,43.95,44.66,114619,51.19,-,82591,72.06
IVC,EQ,21-Apr-2010,43.95,44.10,45.15,43.55,44.10,44.30,44.37,63447,28.15,-,29551,46.58
IVC,EQ,22-Apr-2010,44.30,43.15,45.00,43.15,43.50,43.85,44.39,191853,85.16,-,117371,61.18
IVC,EQ,23-Apr-2010,43.85,44.40,46.40,43.60,46.05,46.05,45.45,103230,46.92,-,63790,61.79
IVC,EQ,26-Apr-2010,46.05,46.90,47.75,45.00,45.10,45.15,46.29,335724,155.41,-,177476,52.86
IVC,EQ,27-Apr-2010,45.15,45.90,47.30,44.70,45.50,45.80,46.32,368732,170.78,-,137921,37.40
IVC,EQ,28-Apr-2010,45.80,45.50,45.50,44.00,44.10,44.25,44.59,146171,65.18,-,78526,53.72
IVC,EQ,29-Apr-2010,44.25,45.90,47.25,45.20,46.40,46.35,46.24,281283,130.07,-,148574,52.82
IVC,EQ,30-Apr-2010,46.35,47.00,47.00,45.35,45.65,45.75,46.24,109028,50.41,-,73419,67.34
IVC,EQ,03-May-2010,45.75,46.70,48.00,45.55,47.00,46.85,46.97,233092,109.48,-,96156,41.25
IVC,EQ,04-May-2010,46.85,47.75,48.85,45.50,46.00,45.80,47.51,543994,258.43,-,226733,41.68
IVC,EQ,05-May-2010,45.80,45.85,46.60,44.40,46.50,46.25,45.76,105103,48.09,-,49170,46.78
IVC,EQ,06-May-2010,46.25,46.45,46.75,45.10,45.60,45.60,45.85,106521,48.84,-,49775,46.73
IVC,EQ,07-May-2010,45.60,44.05,45.60,43.25,43.25,43.70,44.23,66157,29.26,-,43346,65.52
IVC,EQ,10-May-2010,43.70,46.00,46.00,44.50,45.00,45.10,45.14,48761,22.01,-,24492,50.23
IVC,EQ,11-May-2010,45.10,45.70,45.75,44.00,44.05,44.30,44.81,68010,30.48,-,32319,47.52
IVC,EQ,12-May-2010,44.30,45.80,45.90,43.10,44.20,43.90,43.92,51624,22.67,-,28019,54.28
IVC,EQ,13-May-2010,43.90,44.95,45.75,44.25,44.70,44.50,44.90,98148,44.07,-,47161,48.05
IVC,EQ,14-May-2010,44.50,45.00,45.35,43.80,44.00,44.10,44.62,67120,29.95,-,34585,51.53
IVC,EQ,17-May-2010,44.10,43.80,43.80,42.15,42.80,42.90,42.85,55867,23.94,-,31830,56.97
IVC,EQ,18-May-2010,42.90,43.20,43.75,42.65,42.75,42.90,43.06,28242,12.16,-,15708,55.62
IVC,EQ,19-May-2010,42.90,42.50,45.40,41.65,42.15,42.20,43.03,97308,41.87,-,48739,50.09
IVC,EQ,20-May-2010,42.20,42.20,42.90,41.00,41.10,41.20,41.59,67868,28.22,-,40989,60.40
IVC,EQ,21-May-2010,41.20,41.35,41.35,40.10,41.00,40.90,40.64,54037,21.96,-,35149,65.05
IVC,EQ,24-May-2010,40.90,42.90,42.90,40.60,40.85,40.85,41.37,34680,14.35,-,19636,56.62
IVC,EQ,25-May-2010,40.85,40.15,41.60,40.15,40.20,40.35,40.68,61551,25.04,-,34363,55.83
IVC,EQ,26-May-2010,40.35,41.00,41.50,40.05,40.70,40.95,40.95,55406,22.69,-,27672,49.94
IVC,EQ,27-May-2010,40.95,41.60,41.70,40.00,40.00,40.20,40.67,46630,18.97,-,31738,68.06
IVC,EQ,28-May-2010,40.20,41.25,41.55,40.50,40.80,41.00,40.98,37642,15.43,-,18862,50.11
IVC,EQ,31-May-2010,41.00,41.50,41.50,40.70,41.50,41.30,41.17,27881,11.48,-,17463,62.63
IVC,EQ,01-Jun-2010,41.30,41.50,42.50,41.00,41.60,41.35,41.86,70289,29.43,-,38543,54.84
IVC,EQ,02-Jun-2010,41.35,41.00,43.60,40.70,43.35,43.05,42.73,104937,44.84,-,62068,59.15
IVC,EQ,03-Jun-2010,43.05,43.00,44.60,43.00,44.60,44.35,44.00,78295,34.45,-,46098,58.88
IVC,EQ,04-Jun-2010,44.35,44.25,46.50,44.25,45.25,45.55,45.57,202488,92.28,-,118723,58.63
IVC,EQ,07-Jun-2010,45.55,45.30,45.30,43.25,43.65,43.65,44.06,122352,53.91,-,100379,82.04
IVC,EQ,08-Jun-2010,43.65,44.75,44.75,42.80,43.40,43.15,43.96,73995,32.53,-,42630,57.61
IVC,EQ,09-Jun-2010,43.15,43.45,44.20,43.00,43.85,43.40,43.49,66839,29.07,-,24287,36.34
IVC,EQ,10-Jun-2010,43.40,44.50,44.50,42.60,43.65,43.25,43.16,47912,20.68,-,24160,50.43
IVC,EQ,11-Jun-2010,43.25,44.70,44.80,43.40,43.90,43.60,43.69,35785,15.64,-,20766,58.03
IVC,EQ,14-Jun-2010,43.60,44.45,44.50,43.25,43.60,43.50,43.70,24163,10.56,-,13312,55.09
IVC,EQ,15-Jun-2010,43.50,44.80,44.80,42.55,43.00,42.95,43.24,52021,22.49,-,38639,74.28
IVC,EQ,16-Jun-2010,42.95,43.00,44.45,43.00,43.50,43.50,43.66,24463,10.68,-,14938,61.06
IVC,EQ,17-Jun-2010,43.50,43.10,44.00,43.00,43.25,43.40,43.39,30989,13.45,-,16147,52.11
IVC,EQ,18-Jun-2010,43.40,44.00,45.00,43.10,44.00,44.20,44.38,211362,93.80,-,149728,70.84
IVC,EQ,21-Jun-2010,44.20,44.00,45.00,43.50,43.60,43.65,44.16,167104,73.79,-,91405,54.70
IVC,EQ,22-Jun-2010,43.65,43.90,45.00,43.20,44.00,44.00,43.97,168544,74.12,-,110279,65.43
IVC,EQ,23-Jun-2010,44.00,44.40,44.75,43.25,43.90,44.00,44.15,215672,95.21,-,159526,73.97
IVC,EQ,24-Jun-2010,44.00,42.80,44.65,42.80,43.75,43.85,44.12,110915,48.94,-,102819,92.70
IVC,EQ,25-Jun-2010,43.85,44.25,44.25,42.00,43.70,43.45,43.76,105436,46.14,-,92607,87.83
IVC,EQ,28-Jun-2010,43.45,44.40,44.90,43.45,44.20,44.05,44.22,255578,113.02,-,206024,80.61
IVC,EQ,29-Jun-2010,44.05,44.50,44.90,43.75,43.85,43.90,44.05,113310,49.91,-,78351,69.15
IVC,EQ,30-Jun-2010,43.90,43.00,44.90,43.00,44.60,44.70,44.50,103686,46.14,-,67597,65.19
IVC,EQ,01-Jul-2010,44.70,44.80,45.70,44.05,44.85,44.65,45.06,336791,151.75,-,261352,77.60
IVC,EQ,02-Jul-2010,44.65,43.80,44.20,43.40,43.75,43.90,43.92,69452,30.51,-,49383,71.10
IVC,EQ,05-Jul-2010,43.90,44.00,44.00,43.40,43.45,43.70,43.77,24135,10.56,-,18746,77.67
IVC,EQ,06-Jul-2010,43.70,44.00,44.00,43.50,43.80,43.60,43.73,58848,25.73,-,34834,59.19
IVC,EQ,07-Jul-2010,43.60,44.00,44.50,43.30,43.65,43.95,43.86,138712,60.83,-,112556,81.14
IVC,EQ,08-Jul-2010,43.95,44.40,44.40,43.40,43.90,43.75,43.83,127913,56.06,-,85906,67.16
IVC,EQ,09-Jul-2010,43.75,44.00,44.05,43.45,43.50,43.55,43.80,61460,26.92,-,44189,71.90
IVC,EQ,12-Jul-2010,43.55,44.00,44.25,43.50,43.70,43.65,43.69,37934,16.57,-,33598,88.57
IVC,EQ,13-Jul-2010,43.65,44.00,44.00,42.75,42.90,42.95,43.23,93817,40.55,-,81153,86.50
IVC,EQ,14-Jul-2010,42.95,43.10,43.70,42.30,42.50,42.55,42.99,147245,63.30,-,112451,76.37
IVC,EQ,15-Jul-2010,42.55,43.25,47.40,43.20,45.80,45.95,45.61,701302,319.83,-,331325,47.24
IVC,EQ,16-Jul-2010,45.95,46.60,49.50,43.80,47.55,47.40,48.34,1906935,921.91,-,703184,36.88
IVC,EQ,19-Jul-2010,47.40,47.00,48.00,45.00,47.00,47.10,47.25,284266,134.33,-,132798,46.72
IVC,EQ,20-Jul-2010,47.10,47.10,47.65,44.00,44.00,44.65,45.79,235636,107.90,-,156479,66.41
IVC,EQ,21-Jul-2010,44.65,45.00,47.40,44.70,45.80,45.95,46.27,211281,97.76,-,106435,50.38
IVC,EQ,22-Jul-2010,45.95,46.05,46.55,45.10,46.00,45.80,45.90,98146,45.05,-,47531,48.43
IVC,EQ,23-Jul-2010,45.80,45.80,46.35,44.50,44.95,44.70,45.11,87842,39.63,-,60866,69.29
IVC,EQ,26-Jul-2010,44.70,44.50,45.50,44.30,44.30,44.55,44.96,51063,22.96,-,35053,68.65
IVC,EQ,27-Jul-2010,44.55,44.10,45.00,43.80,44.50,44.60,44.32,58100,25.75,-,33843,58.25
IVC,EQ,28-Jul-2010,44.60,45.00,45.60,43.60,44.05,43.90,44.67,145022,64.78,-,76524,52.77
IVC,EQ,29-Jul-2010,43.90,43.55,44.95,43.05,44.40,44.40,44.46,56595,25.16,-,33600,59.37
IVC,EQ,30-Jul-2010,44.40,44.40,46.30,44.00,46.00,45.70,45.51,302021,137.46,-,126912,42.02
IVC,EQ,02-Aug-2010,45.70,46.25,47.40,46.20,46.95,46.70,46.71,215494,100.65,-,153402,71.19
IVC,EQ,03-Aug-2010,46.70,47.25,47.40,45.10,45.60,45.55,46.29,116696,54.02,-,80625,69.09
IVC,EQ,04-Aug-2010,45.55,46.45,46.45,44.90,45.20,45.15,45.33,77052,34.92,-,48145,62.48
IVC,EQ,05-Aug-2010,45.15,45.35,48.10,45.35,46.70,46.45,46.99,442202,207.77,-,232003,52.47
IVC,EQ,06-Aug-2010,46.45,46.95,47.65,46.50,46.70,46.80,47.15,240555,113.43,-,156559,65.08
IVC,EQ,09-Aug-2010,46.80,46.50,48.65,46.35,47.00,46.95,47.69,339282,161.81,-,186667,55.02
IVC,EQ,10-Aug-2010,46.95,47.10,48.35,46.00,46.50,46.70,47.43,254476,120.70,-,111928,43.98
IVC,EQ,11-Aug-2010,46.70,46.60,47.55,45.10,45.40,45.30,46.31,165868,76.81,-,110378,66.55
IVC,EQ,12-Aug-2010,45.30,45.75,47.40,44.00,46.40,46.65,46.54,234946,109.35,-,113988,48.52
IVC,EQ,13-Aug-2010,46.65,46.05,47.45,46.05,46.75,46.55,46.83,60191,28.19,-,47931,79.63
IVC,EQ,16-Aug-2010,46.55,47.00,47.80,46.25,46.45,46.50,47.06,169129,79.60,-,85972,50.83
IVC,EQ,17-Aug-2010,46.50,47.25,47.60,46.45,47.30,47.10,46.96,138828,65.20,-,85464,61.56
IVC,EQ,18-Aug-2010,47.10,49.40,50.15,47.80,48.80,48.85,48.63,581467,282.77,-,284278,48.89
IVC,EQ,19-Aug-2010,48.85,49.45,49.45,48.10,48.25,48.30,48.58,171665,83.40,-,128270,74.72
IVC,EQ,20-Aug-2010,48.30,48.10,51.50,47.55,49.55,49.65,49.62,534125,265.02,-,236510,44.28
IVC,EQ,23-Aug-2010,49.65,50.80,52.40,50.60,52.30,51.85,51.58,1156886,596.68,-,558816,48.30
IVC,EQ,24-Aug-2010,51.85,53.00,53.65,51.25,52.90,53.05,52.57,654261,343.94,-,287081,43.88
IVC,EQ,25-Aug-2010,53.05,53.25,54.75,50.50,50.65,50.80,52.88,652634,345.11,-,256369,39.28
IVC,EQ,26-Aug-2010,50.80,51.50,52.50,51.00,51.45,51.30,51.83,328056,170.03,-,178321,54.36
IVC,EQ,27-Aug-2010,51.30,51.80,52.70,50.05,50.60,50.40,51.57,386343,199.23,-,228676,59.19
IVC,EQ,30-Aug-2010,50.40,52.95,52.95,48.65,49.80,49.80,50.28,261658,131.56,-,127345,48.67
IVC,EQ,31-Aug-2010,49.80,49.10,50.75,47.80,49.75,49.70,48.97,407899,199.75,-,192835,47.28
IVC,EQ,01-Sep-2010,49.70,50.15,50.65,49.00,50.00,50.00,49.74,183795,91.41,-,104507,56.86
IVC,EQ,02-Sep-2010,50.00,50.85,50.85,49.25,49.60,49.60,49.69,123509,61.37,-,72931,59.05
IVC,EQ,03-Sep-2010,49.60,49.60,50.80,49.30,49.55,50.20,50.00,163516,81.76,-,88097,53.88
IVC,EQ,06-Sep-2010,50.20,50.75,50.75,49.60,50.05,50.10,50.19,133485,66.99,-,91129,68.27
IVC,EQ,07-Sep-2010,50.10,50.35,54.45,49.70,52.35,52.70,52.33,882352,461.76,-,432380,49.00
IVC,EQ,08-Sep-2010,52.70,52.55,53.30,51.25,51.40,51.60,52.10,221047,115.17,-,137426,62.17
IVC,EQ,09-Sep-2010,51.60,51.75,52.80,51.20,51.70,51.85,52.13,185236,96.57,-,88617,47.84
IVC,EQ,13-Sep-2010,51.85,51.50,52.30,51.00,51.50,51.30,51.44,132947,68.38,-,83350,62.69
IVC,EQ,14-Sep-2010,51.30,51.00,52.00,50.40,50.95,50.95,51.10,212739,108.71,-,121322,57.03
IVC,EQ,15-Sep-2010,50.95,51.00,51.80,50.40,51.10,50.90,51.00,203690,103.88,-,165414,81.21
IVC,EQ,16-Sep-2010,50.90,51.90,51.90,50.80,51.45,51.50,51.26,223855,114.75,-,190292,85.01
IVC,EQ,17-Sep-2010,51.50,52.75,52.75,50.60,51.35,50.80,51.04,94822,48.40,-,62978,66.42
IVC,EQ,20-Sep-2010,50.80,51.15,52.80,50.85,51.05,51.05,51.38,164171,84.34,-,117458,71.55
IVC,EQ,21-Sep-2010,51.05,51.70,52.10,50.85,51.05,51.25,51.39,194248,99.83,-,126527,65.14
IVC,EQ,22-Sep-2010,51.25,51.05,51.80,50.75,51.15,51.10,51.03,122437,62.47,-,107634,87.91
IVC,EQ,23-Sep-2010,51.10,51.40,51.60,51.00,51.60,51.45,51.13,134647,68.84,-,100353,74.53
IVC,EQ,24-Sep-2010,51.45,51.00,52.00,50.50,51.00,51.05,51.19,113783,58.24,-,85345,75.01
IVC,EQ,27-Sep-2010,51.05,50.80,52.80,50.80,52.50,52.30,52.05,263755,137.29,-,153814,58.32
IVC,EQ,28-Sep-2010,52.30,53.30,53.45,51.05,51.35,51.20,51.85,178161,92.38,-,101137,56.77
IVC,EQ,29-Sep-2010,51.20,51.75,51.90,51.00,51.00,51.05,51.35,77449,39.77,-,48025,62.01
IVC,EQ,30-Sep-2010,51.05,51.10,52.40,50.65,52.25,51.75,51.32,149781,76.86,-,100691,67.23
IVC,EQ,01-Oct-2010,51.75,52.05,52.60,51.15,51.60,51.75,51.74,608794,315.01,-,553711,90.95
IVC,EQ,04-Oct-2010,51.75,51.90,52.20,50.50,50.55,50.70,51.29,118661,60.87,-,78454,66.12
IVC,EQ,05-Oct-2010,50.70,50.50,52.20,50.50,51.25,51.30,51.43,98892,50.86,-,44613,45.11
IVC,EQ,06-Oct-2010,51.30,51.60,51.95,50.75,51.00,50.95,51.28,79785,40.91,-,51909,65.06
IVC,EQ,07-Oct-2010,50.95,50.10,51.80,50.00,50.60,50.70,51.08,112860,57.65,-,83913,74.35
IVC,EQ,08-Oct-2010,50.70,51.45,51.60,50.00,51.35,51.10,50.74,101902,51.70,-,67913,66.65
IVC,EQ,11-Oct-2010,51.10,51.45,51.50,50.50,50.75,50.75,51.02,59078,30.14,-,33650,56.96
IVC,EQ,12-Oct-2010,50.75,50.25,51.90,50.25,50.25,50.40,51.01,647609,330.37,-,543814,83.97
IVC,EQ,13-Oct-2010,50.40,50.05,51.25,49.85,50.10,50.10,50.50,127637,64.46,-,89756,70.32
IVC,EQ,14-Oct-2010,50.10,50.90,51.70,48.70,49.00,48.85,49.55,139586,69.16,-,103900,74.43
IVC,EQ,15-Oct-2010,48.85,49.00,51.15,49.00,49.40,49.50,50.17,168527,84.54,-,96735,57.40
IVC,EQ,18-Oct-2010,49.50,50.00,50.00,48.10,48.30,48.50,48.73,67062,32.68,-,44101,65.76
IVC,EQ,19-Oct-2010,48.50,49.35,49.35,47.15,47.85,47.80,48.19,38229,18.42,-,26227,68.60
IVC,EQ,20-Oct-2010,47.80,47.70,50.20,47.30,49.50,49.40,48.49,89529,43.41,-,59808,66.80
IVC,EQ,21-Oct-2010,49.40,50.00,50.20,47.80,48.10,49.10,48.85,82322,40.22,-,42186,51.25
IVC,EQ,22-Oct-2010,49.10,49.35,49.70,48.05,48.10,48.25,48.56,31923,15.50,-,18097,56.69
IVC,EQ,25-Oct-2010,48.25,48.50,49.00,47.00,48.50,48.50,48.20,152893,73.69,-,92518,60.51
IVC,EQ,26-Oct-2010,48.50,48.50,51.10,48.00,49.25,49.50,49.78,300587,149.64,-,189638,63.09
IVC,EQ,27-Oct-2010,49.50,49.95,50.20,48.10,48.50,48.50,49.08,45349,22.26,-,24466,53.95
IVC,EQ,28-Oct-2010,48.50,48.95,49.75,47.80,48.30,48.20,48.43,70457,34.12,-,50394,71.52
IVC,EQ,29-Oct-2010,48.20,48.70,57.85,47.45,49.05,48.90,48.90,110965,54.27,-,61733,55.63
IVC,EQ,01-Nov-2010,48.90,48.90,51.45,48.50,49.85,49.75,50.23,734570,368.98,-,518413,70.57
IVC,EQ,02-Nov-2010,49.75,50.05,50.90,48.00,48.60,48.80,49.41,99810,49.32,-,60528,60.64
IVC,EQ,03-Nov-2010,48.80,48.70,50.00,48.50,48.80,48.85,49.78,301794,150.23,-,267734,88.71
IVC,EQ,04-Nov-2010,48.85,49.50,49.80,48.05,48.20,48.55,49.06,67431,33.08,-,36531,54.18
IVC,EQ,05-Nov-2010,48.55,49.50,49.70,48.50,49.50,49.40,49.35,21769,10.74,-,16953,77.88
IVC,EQ,08-Nov-2010,49.40,49.10,50.25,48.30,49.10,48.80,49.23,130285,64.13,-,86020,66.02
IVC,EQ,09-Nov-2010,48.80,49.45,49.50,48.40,48.85,49.05,48.75,78959,38.49,-,53574,67.85
IVC,EQ,10-Nov-2010,49.05,49.65,49.65,48.50,48.70,48.85,48.99,71206,34.88,-,53159,74.66
IVC,EQ,11-Nov-2010,48.85,49.50,49.50,48.00,48.10,48.20,48.65,109101,53.08,-,60175,55.16
IVC,EQ,12-Nov-2010,48.20,48.15,48.45,46.30,46.35,46.80,47.15,93804,44.23,-,64119,68.35
IVC,EQ,15-Nov-2010,46.80,47.20,49.65,46.50,49.40,49.30,48.94,229432,112.29,-,127798,55.70
IVC,EQ,16-Nov-2010,49.30,49.25,49.75,46.30,47.20,47.30,47.60,92694,44.12,-,66330,71.56
IVC,EQ,18-Nov-2010,47.30,47.90,47.90,45.60,46.75,46.85,46.64,77620,36.20,-,34481,44.42
IVC,EQ,19-Nov-2010,46.85,47.75,47.80,45.20,45.20,45.75,46.53,76718,35.70,-,49288,64.25
IVC,EQ,22-Nov-2010,45.75,45.75,46.90,45.05,45.25,45.35,45.55,42454,19.34,-,24608,57.96
IVC,EQ,23-Nov-2010,45.35,46.10,46.10,44.50,45.00,45.00,45.07,41128,18.54,-,28599,69.54
IVC,EQ,24-Nov-2010,45.00,45.00,45.70,44.15,44.15,44.80,45.18,52486,23.71,-,28958,55.17
IVC,EQ,25-Nov-2010,44.80,45.00,46.40,44.15,45.30,45.30,45.65,99097,45.24,-,50551,51.01
IVC,EQ,26-Nov-2010,45.30,45.90,45.90,41.50,43.50,43.30,43.26,138921,60.09,-,105617,76.03
IVC,EQ,29-Nov-2010,43.30,43.00,44.30,42.50,43.00,43.15,43.04,26966,11.61,-,18661,69.20
IVC,EQ,30-Nov-2010,43.15,43.00,44.50,42.65,43.25,43.25,43.29,125568,54.36,-,92761,73.87
IVC,EQ,01-Dec-2010,43.25,43.25,44.70,42.75,43.50,43.70,43.95,207074,91.01,-,170136,82.16
IVC,EQ,02-Dec-2010,43.70,44.20,44.75,43.20,43.20,43.55,43.90,130172,57.15,-,100073,76.88
IVC,EQ,03-Dec-2010,43.55,44.00,44.00,42.30,42.95,42.75,43.18,60690,26.21,-,42410,69.88
IVC,EQ,06-Dec-2010,42.75,43.00,45.00,43.00,43.20,43.05,43.74,283887,124.17,-,153706,54.14
IVC,EQ,07-Dec-2010,43.05,43.20,43.65,42.10,43.45,43.25,43.07,128819,55.48,-,82878,64.34
IVC,EQ,08-Dec-2010,43.25,43.50,43.80,42.20,43.00,42.60,42.98,88380,37.99,-,50240,56.85
IVC,EQ,09-Dec-2010,42.60,43.50,43.50,36.10,39.80,40.50,42.13,237508,100.07,-,166207,69.98
IVC,EQ,10-Dec-2010,40.50,41.00,42.30,38.50,42.00,41.90,40.99,164246,67.33,-,94045,57.26
IVC,EQ,13-Dec-2010,41.90,42.00,43.75,42.00,42.95,43.00,43.00,136688,58.77,-,105469,77.16
IVC,EQ,14-Dec-2010,43.00,43.00,43.45,42.25,42.25,42.70,42.98,150452,64.66,-,139064,92.43
IVC,EQ,15-Dec-2010,42.70,42.15,43.25,41.75,42.00,42.00,42.55,43969,18.71,-,27191,61.84
IVC,EQ,16-Dec-2010,42.00,40.20,43.00,40.20,42.00,42.10,42.42,54731,23.21,-,29725,54.31
IVC,EQ,20-Dec-2010,42.10,42.90,43.00,41.05,42.75,42.55,42.86,104380,44.74,-,79643,76.30
IVC,EQ,21-Dec-2010,42.55,43.00,43.00,42.10,42.60,42.50,42.62,22796,9.72,-,13117,57.54
IVC,EQ,22-Dec-2010,42.50,42.95,43.40,41.25,41.75,41.50,42.13,138822,58.49,-,80460,57.96
IVC,EQ,23-Dec-2010,41.50,42.70,42.70,40.30,40.65,40.80,41.12,60637,24.94,-,34154,56.33
IVC,EQ,24-Dec-2010,40.80,40.20,42.15,40.20,42.15,41.95,41.81,74544,31.17,-,40968,54.96
IVC,EQ,27-Dec-2010,41.95,41.30,42.40,41.30,41.75,41.45,41.83,46707,19.54,-,32878,70.39
IVC,EQ,28-Dec-2010,41.45,41.75,42.00,41.25,42.00,41.80,41.77,32228,13.46,-,23336,72.41
IVC,EQ,29-Dec-2010,41.80,41.55,42.45,41.55,41.90,41.80,41.97,93651,39.30,-,68626,73.28
IVC,EQ,30-Dec-2010,41.80,41.10,42.70,41.10,42.00,41.85,41.87,64247,26.90,-,46488,72.36
IVC,EQ,31-Dec-2010,41.85,42.40,42.50,40.80,41.80,41.95,41.50,104188,43.24,-,59818,57.41
IVC,EQ,03-Jan-2011,41.95,41.30,43.00,41.30,42.00,42.00,42.04,44295,18.62,-,34948,78.90
IVC,EQ,04-Jan-2011,42.00,42.00,42.40,41.35,41.70,41.55,41.68,60939,25.40,-,47480,77.91
IVC,EQ,05-Jan-2011,41.55,42.20,42.20,41.00,41.35,41.35,41.74,47344,19.76,-,39531,83.50
IVC,EQ,06-Jan-2011,41.35,42.00,42.00,41.00,41.40,41.35,41.62,52634,21.91,-,33548,63.74
IVC,EQ,07-Jan-2011,41.35,41.95,42.00,40.00,40.40,40.20,41.17,134089,55.21,-,83727,62.44
IVC,EQ,10-Jan-2011,40.20,40.40,42.00,40.00,40.00,40.30,40.25,80486,32.39,-,60092,74.66
IVC,EQ,11-Jan-2011,40.30,40.95,40.95,39.90,40.20,40.00,40.08,76083,30.50,-,61436,80.75
IVC,EQ,12-Jan-2011,40.00,40.30,40.45,39.25,39.70,39.70,39.89,37279,14.87,-,25481,68.35
IVC,EQ,13-Jan-2011,39.70,39.85,40.45,38.70,38.95,38.90,39.22,61672,24.19,-,41523,67.33
IVC,EQ,14-Jan-2011,38.90,39.00,40.00,38.10,38.10,38.25,39.33,121931,47.95,-,63636,52.19
IVC,EQ,17-Jan-2011,38.25,39.20,39.20,38.00,38.00,38.05,38.20,55821,21.32,-,37964,68.01
IVC,EQ,18-Jan-2011,38.05,38.75,38.75,37.50,37.85,38.00,38.08,54486,20.75,-,43652,80.12
IVC,EQ,19-Jan-2011,38.00,38.00,38.55,37.50,37.70,37.90,37.90,101081,38.31,-,84699,83.79
IVC,EQ,20-Jan-2011,37.90,37.05,38.10,36.50,36.55,36.70,36.94,97807,36.13,-,82873,84.73
IVC,EQ,21-Jan-2011,36.70,36.80,37.50,36.05,36.95,36.90,36.71,69874,25.65,-,50573,72.38
IVC,EQ,24-Jan-2011,36.90,36.10,37.50,35.90,36.00,36.00,36.14,447599,161.75,-,430372,96.15
IVC,EQ,25-Jan-2011,36.00,36.00,36.30,34.50,35.00,35.05,35.30,142784,50.40,-,126822,88.82
IVC,EQ,27-Jan-2011,35.05,35.05,35.70,34.50,35.00,35.10,35.04,56513,19.80,-,36795,65.11
IVC,EQ,28-Jan-2011,35.10,35.75,36.25,33.40,34.95,34.80,34.67,158982,55.12,-,131289,82.58
IVC,EQ,31-Jan-2011,34.80,35.00,35.95,33.75,34.60,34.65,34.90,105746,36.90,-,94920,89.76
IVC,EQ,01-Feb-2011,34.65,36.10,36.10,34.70,35.00,34.90,35.04,77630,27.20,-,61580,79.33
IVC,EQ,02-Feb-2011,34.90,36.25,36.25,33.50,34.70,34.85,34.18,79412,27.14,-,43107,54.28
IVC,EQ,03-Feb-2011,34.85,35.80,35.80,34.00,35.00,34.95,35.00,75169,26.31,-,56419,75.06
IVC,EQ,04-Feb-2011,34.95,35.85,35.85,34.10,34.50,34.60,34.96,88453,30.92,-,80079,90.53
IVC,EQ,07-Feb-2011,34.60,35.45,35.50,33.65,34.60,34.45,34.51,31659,10.93,-,21167,66.86
IVC,EQ,08-Feb-2011,34.45,35.90,35.90,33.60,33.60,33.95,34.35,47359,16.27,-,28456,60.09
IVC,EQ,09-Feb-2011,33.95,35.25,35.25,33.00,33.50,33.15,33.71,55604,18.74,-,44410,79.87
IVC,EQ,10-Feb-2011,33.15,33.50,34.00,29.50,32.20,31.95,31.53,73967,23.33,-,55719,75.33
IVC,EQ,11-Feb-2011,31.95,32.50,35.50,31.80,33.55,33.90,32.83,102160,33.54,-,62693,61.37
IVC,EQ,14-Feb-2011,33.90,37.95,37.95,33.10,34.00,33.90,34.40,42804,14.73,-,24808,57.96
IVC,EQ,15-Feb-2011,33.90,38.60,38.60,33.50,33.65,33.75,34.20,76321,26.10,-,52312,68.54
IVC,EQ,16-Feb-2011,33.75,34.80,35.50,33.80,35.50,35.20,35.12,77378,27.18,-,40585,52.45
IVC,EQ,17-Feb-2011,35.20,35.50,36.30,34.50,35.00,34.90,35.01,65334,22.88,-,43752,66.97
IVC,EQ,18-Feb-2011,34.90,35.90,35.90,33.25,33.45,33.65,34.79,31403,10.93,-,22962,73.12
IVC,EQ,21-Feb-2011,33.65,34.75,34.75,33.40,34.05,33.95,33.86,13043,4.42,-,9863,75.62
IVC,EQ,22-Feb-2011,33.95,34.80,34.80,33.10,34.15,33.85,33.71,21761,7.34,-,13380,61.49
IVC,EQ,23-Feb-2011,33.85,35.75,35.75,32.60,32.80,32.80,33.21,16403,5.45,-,13360,81.45
IVC,EQ,24-Feb-2011,32.80,35.20,35.20,32.30,32.60,32.60,33.15,37314,12.37,-,22847,61.23
IVC,EQ,25-Feb-2011,32.60,33.00,34.00,32.30,33.10,33.10,32.92,22783,7.50,-,20317,89.18
IVC,EQ,28-Feb-2011,33.10,35.00,35.50,32.60,33.15,33.25,34.00,77442,26.33,-,55590,71.78
IVC,EQ,01-Mar-2011,33.25,34.60,34.60,33.00,33.25,33.10,33.45,53031,17.74,-,40090,75.60
IVC,EQ,03-Mar-2011,33.10,34.00,34.90,31.50,34.05,34.45,33.63,85956,28.91,-,57163,66.50
IVC,EQ,04-Mar-2011,34.45,34.60,35.00,33.50,33.85,33.80,34.26,51926,17.79,-,47490,91.46
IVC,EQ,07-Mar-2011,33.80,33.00,34.05,33.00,34.00,34.00,33.88,89954,30.48,-,79895,88.82
IVC,EQ,08-Mar-2011,34.00,34.45,34.45,33.20,33.95,34.00,33.92,29910,10.15,-,26778,89.53
IVC,EQ,09-Mar-2011,34.00,33.05,34.20,32.60,33.10,33.00,33.08,68691,22.72,-,48770,71.00
IVC,EQ,10-Mar-2011,33.00,33.25,33.50,32.15,32.75,32.80,32.72,50296,16.46,-,34237,68.07
IVC,EQ,11-Mar-2011,32.80,32.85,33.50,30.80,32.10,32.55,32.03,214891,68.84,-,101468,47.22
IVC,EQ,14-Mar-2011,32.55,32.90,33.00,31.50,32.15,31.95,32.35,1187485,384.20,-,1145333,96.45
IVC,EQ,15-Mar-2011,31.95,32.00,33.00,31.00,31.95,31.95,32.08,222758,71.46,-,180908,81.21
IVC,EQ,16-Mar-2011,31.95,32.95,32.95,30.70,30.95,31.00,31.76,101023,32.09,-,92637,91.70
IVC,EQ,17-Mar-2011,31.00,31.80,31.80,30.80,31.10,31.25,31.30,75411,23.60,-,43755,58.02
IVC,EQ,18-Mar-2011,31.25,31.75,31.75,30.95,31.00,31.40,31.36,58141,18.23,-,38563,66.33
IVC,EQ,21-Mar-2011,31.40,31.65,31.65,30.80,31.15,31.10,31.16,36961,11.52,-,27645,74.80
IVC,EQ,22-Mar-2011,31.10,30.10,31.50,30.10,30.50,30.80,31.09,73735,22.93,-,58816,79.77
IVC,EQ,23-Mar-2011,30.80,30.80,31.45,30.60,30.95,31.30,31.19,65534,20.44,-,48171,73.51
IVC,EQ,24-Mar-2011,31.30,31.50,31.80,30.50,31.70,31.55,31.36,38283,12.00,-,32407,84.65
IVC,EQ,25-Mar-2011,31.55,32.60,33.00,31.80,32.55,32.50,32.46,36910,11.98,-,26514,71.83
IVC,EQ,28-Mar-2011,32.50,33.00,33.00,31.80,32.50,32.50,32.40,82092,26.60,-,56875,69.28
IVC,EQ,29-Mar-2011,32.50,32.90,33.00,31.75,31.75,31.95,32.15,73756,23.72,-,63800,86.50
IVC,EQ,30-Mar-2011,31.95,32.95,32.95,31.80,32.15,32.40,32.49,101313,32.92,-,66815,65.95
IVC,EQ,31-Mar-2011,32.40,32.50,33.00,31.35,31.50,31.85,32.39,150646,48.79,-,138893,92.20
IVC,EQ,01-Apr-2011,31.85,32.35,33.00,31.80,32.90,32.65,32.57,55488,18.07,-,39906,71.92
IVC,EQ,04-Apr-2011,32.65,32.70,36.25,32.70,36.00,35.70,34.83,198551,69.15,-,115263,58.05
IVC,EQ,05-Apr-2011,35.70,36.00,38.90,35.30,38.00,37.90,37.07,231744,85.90,-,131781,56.86
IVC,EQ,06-Apr-2011,37.90,37.00,38.90,36.80,38.70,38.60,38.15,55543,21.19,-,43897,79.03
IVC,EQ,07-Apr-2011,38.60,38.85,38.85,37.00,37.85,37.95,38.03,46719,17.77,-,31760,67.98
IVC,EQ,08-Apr-2011,37.95,38.65,41.35,36.10,38.35,37.80,39.28,245895,96.58,-,95793,38.96
IVC,EQ,11-Apr-2011,37.80,38.70,38.70,37.10,38.50,37.90,37.96,36510,13.86,-,21356,58.49
IVC,EQ,13-Apr-2011,37.90,38.40,38.40,37.25,37.90,37.80,37.95,18964,7.20,-,12115,63.88
IVC,EQ,15-Apr-2011,37.80,38.20,40.15,37.70,39.50,39.55,39.34,177770,69.94,-,72459,40.76
IVC,EQ,18-Apr-2011,39.55,40.00,40.40,38.05,38.20,38.30,39.09,41501,16.22,-,32010,77.13
IVC,EQ,19-Apr-2011,38.30,38.00,39.65,37.75,39.20,38.90,38.64,38669,14.94,-,21538,55.70
IVC,EQ,20-Apr-2011,38.90,39.90,39.90,38.30,39.10,38.70,38.89,28996,11.28,-,19922,68.71
IVC,EQ,21-Apr-2011,38.70,38.75,39.85,37.10,37.50,37.40,37.90,355158,134.61,-,96372,27.13
IVC,EQ,25-Apr-2011,37.40,37.55,38.60,37.55,37.90,38.05,38.29,83934,32.14,-,46476,55.37
IVC,EQ,26-Apr-2011,38.05,38.35,38.35,37.55,37.95,37.95,37.94,29847,11.32,-,17136,57.41
IVC,EQ,27-Apr-2011,37.95,38.10,38.10,37.05,37.50,37.40,37.34,19447,7.26,-,10882,55.96
IVC,EQ,28-Apr-2011,37.40,38.00,38.55,36.05,36.45,36.55,36.95,69108,25.54,-,36173,52.34
IVC,EQ,29-Apr-2011,36.55,36.55,37.90,36.00,36.75,36.45,36.89,51026,18.82,-,28809,56.46
IVC,EQ,02-May-2011,36.45,37.45,37.45,34.75,34.80,34.90,35.23,40201,14.16,-,34593,86.05
IVC,EQ,03-May-2011,34.90,35.70,35.70,34.25,34.70,35.05,34.99,72606,25.40,-,49512,68.19
IVC,EQ,04-May-2011,35.05,35.70,35.70,34.20,34.60,34.90,34.81,19440,6.77,-,14413,74.14
IVC,EQ,05-May-2011,34.90,35.95,37.50,34.70,36.00,35.95,36.10,30351,10.96,-,22102,72.82
IVC,EQ,06-May-2011,35.95,36.95,36.95,34.30,34.90,34.95,34.98,22456,7.86,-,16508,73.51
IVC,EQ,06-May-2011,35.95,36.95,36.95,34.30,34.90,34.95,34.98,22456,7.86,-,16508,73.51
IVC,EQ,09-May-2011,34.95,36.00,36.00,34.60,34.65,35.00,34.94,15842,5.54,-,10004,63.15
IVC,EQ,10-May-2011,35.00,35.50,35.95,34.95,35.00,35.05,35.32,19260,6.80,-,15353,79.71
IVC,EQ,11-May-2011,35.05,35.05,35.50,34.50,34.70,34.85,34.89,15549,5.43,-,11809,75.95
IVC,EQ,12-May-2011,34.85,34.70,35.00,34.25,34.50,34.60,34.61,16284,5.64,-,15161,93.10
IVC,EQ,13-May-2011,34.60,34.50,35.00,34.15,34.30,34.35,34.44,13561,4.67,-,12488,92.09
IVC,EQ,16-May-2011,34.35,35.50,35.50,31.15,34.00,34.45,34.23,42696,14.62,-,30254,70.86
IVC,EQ,17-May-2011,34.45,34.05,34.50,33.80,34.45,34.20,34.08,15084,5.14,-,13022,86.33
IVC,EQ,18-May-2011,34.20,34.45,35.45,33.50,33.75,33.65,33.71,15951,5.38,-,11036,69.19
IVC,EQ,19-May-2011,33.65,34.00,34.00,33.10,34.00,33.90,33.81,11080,3.75,-,7885,71.16
IVC,EQ,20-May-2011,33.90,32.75,34.70,32.75,33.50,33.60,33.79,13501,4.56,-,11081,82.08
IVC,EQ,23-May-2011,33.60,35.70,35.70,33.00,34.00,33.95,34.11,48243,16.46,-,39563,82.01
IVC,EQ,24-May-2011,33.95,34.20,34.70,33.55,34.50,34.55,34.18,11138,3.81,-,9715,87.22
IVC,EQ,25-May-2011,34.55,35.10,35.10,33.65,34.00,34.00,34.16,6018,2.06,-,5352,88.93
IVC,EQ,26-May-2011,34.00,33.20,34.95,32.60,33.05,32.95,33.28,39396,13.11,-,33543,85.14
IVC,EQ,27-May-2011,32.95,34.70,34.70,32.55,34.00,34.00,34.05,27817,9.47,-,18874,67.85
IVC,EQ,30-May-2011,34.00,37.90,37.90,33.60,34.00,33.80,34.83,60704,21.14,-,50178,82.66
IVC,EQ,31-May-2011,33.80,36.40,36.40,33.90,35.00,34.30,34.37,23887,8.21,-,15571,65.19
IVC,EQ,01-Jun-2011,34.30,35.90,35.90,34.00,34.45,34.45,34.52,9615,3.32,286,7752,80.62
IVC,EQ,02-Jun-2011,34.45,35.00,35.00,33.50,34.30,34.30,34.31,14274,4.90,261,9959,69.77
IVC,EQ,03-Jun-2011,34.30,35.00,35.00,33.90,34.00,34.00,34.21,13062,4.47,140,7873,60.27
IVC,EQ,06-Jun-2011,34.00,35.40,35.40,33.50,34.10,34.35,34.12,20197,6.89,147,13347,66.08
IVC,EQ,07-Jun-2011,34.35,34.70,34.70,33.75,33.95,33.90,34.02,24151,8.22,95,21139,87.53
IVC,EQ,08-Jun-2011,33.90,33.60,34.90,33.60,34.20,34.10,34.18,13350,4.56,111,10391,77.84
IVC,EQ,09-Jun-2011,34.10,33.55,34.50,33.55,34.10,34.05,34.11,13067,4.46,88,8839,67.64
IVC,EQ,10-Jun-2011,34.05,33.70,34.90,33.30,33.75,33.55,33.69,32703,11.02,476,24398,74.60
IVC,EQ,13-Jun-2011,33.55,33.30,34.10,33.00,33.50,33.55,33.61,28443,9.56,576,18879,66.37
IVC,EQ,14-Jun-2011,33.55,34.00,34.70,33.20,33.90,33.95,34.11,34812,11.87,341,24150,69.37
IVC,EQ,15-Jun-2011,33.95,34.75,34.75,33.55,33.70,33.65,33.83,16464,5.57,320,11703,71.08
IVC,EQ,16-Jun-2011,33.65,33.65,34.15,33.35,33.85,33.90,33.64,132861,44.69,730,110823,83.41
IVC,EQ,17-Jun-2011,33.90,34.40,34.40,33.55,33.75,33.95,33.98,26600,9.04,186,21470,80.71
IVC,EQ,20-Jun-2011,33.95,34.50,34.50,32.80,32.95,33.15,33.20,21316,7.08,381,16285,76.40
IVC,EQ,21-Jun-2011,33.15,34.30,34.30,33.05,33.70,33.65,33.73,21838,7.37,258,17323,79.33
IVC,EQ,22-Jun-2011,33.65,35.00,35.00,32.90,33.95,33.35,33.27,37732,12.55,495,19809,52.50
IVC,EQ,23-Jun-2011,33.35,33.70,33.75,33.10,33.75,33.35,33.36,12998,4.34,223,8438,64.92
IVC,EQ,24-Jun-2011,33.35,34.35,34.35,33.05,33.10,33.20,33.35,37473,12.50,436,28903,77.13
IVC,EQ,27-Jun-2011,33.20,33.00,33.95,33.00,33.25,33.15,33.21,28213,9.37,334,23508,83.32
IVC,EQ,28-Jun-2011,33.15,34.25,34.25,33.10,33.60,33.45,33.39,38713,12.93,360,28857,74.54
IVC,EQ,29-Jun-2011,33.45,34.35,34.35,33.20,33.50,33.40,33.41,6866,2.29,111,6341,92.35
IVC,EQ,30-Jun-2011,33.40,34.40,34.40,33.10,33.10,33.15,33.36,29276,9.77,238,21569,73.67
IVC,EQ,01-Jul-2011,33.15,34.00,34.00,33.00,33.20,33.20,33.35,21864,7.29,210,19450,88.96
IVC,EQ,04-Jul-2011,33.20,34.80,36.00,33.30,33.70,33.75,33.96,102077,34.67,635,82741,81.06
IVC,EQ,05-Jul-2011,33.75,38.00,38.00,33.50,34.00,33.95,33.96,172982,58.74,738,153301,88.62
IVC,EQ,06-Jul-2011,33.95,34.00,34.75,34.00,34.05,34.25,34.33,108868,37.37,445,82119,75.43
IVC,EQ,07-Jul-2011,34.25,34.30,34.30,33.65,34.00,33.90,33.96,163963,55.68,627,135125,82.41
IVC,EQ,08-Jul-2011,33.90,34.00,34.25,33.65,34.00,33.85,33.95,78330,26.59,442,62832,80.21
IVC,EQ,11-Jul-2011,33.85,34.00,34.40,33.60,33.70,33.65,33.90,90795,30.78,267,82299,90.64
IVC,EQ,12-Jul-2011,33.65,33.85,34.00,33.70,33.80,33.95,33.97,170209,57.83,383,160063,94.04
IVC,EQ,13-Jul-2011,33.95,32.95,33.75,31.75,32.40,32.05,32.61,88102,28.73,726,68183,77.39
IVC,EQ,14-Jul-2011,32.05,31.40,33.50,31.40,32.50,32.65,32.99,148060,48.84,1357,108139,73.04
IVC,EQ,15-Jul-2011,32.65,32.60,32.80,31.15,31.60,31.50,31.82,84517,26.90,617,63035,74.58
IVC,EQ,18-Jul-2011,31.50,33.40,33.40,31.90,33.35,33.00,32.91,121075,39.85,1072,95698,79.04
IVC,EQ,19-Jul-2011,33.00,32.80,33.60,32.50,33.00,32.65,32.87,41691,13.70,550,37479,89.90
IVC,EQ,20-Jul-2011,32.65,33.00,33.20,32.55,32.75,32.85,32.94,25502,8.40,285,17339,67.99
IVC,EQ,21-Jul-2011,32.85,33.20,33.20,32.15,32.15,32.55,32.61,11508,3.75,114,6622,57.54
IVC,EQ,22-Jul-2011,32.55,33.10,33.10,32.25,32.30,32.45,32.50,13819,4.49,152,8924,64.58
IVC,EQ,25-Jul-2011,32.45,33.00,33.00,32.00,32.20,32.05,32.29,33384,10.78,170,27590,82.64
IVC,EQ,26-Jul-2011,32.05,32.90,32.95,32.05,32.20,32.35,32.58,62198,20.27,282,37245,59.88
IVC,EQ,27-Jul-2011,32.35,32.90,33.20,32.15,32.40,32.40,32.84,188786,62.00,943,116458,61.69
IVC,EQ,28-Jul-2011,32.40,32.40,32.75,31.30,31.65,31.75,32.37,150272,48.65,622,117103,77.93
IVC,EQ,29-Jul-2011,31.75,31.50,32.65,31.50,31.70,31.90,32.27,91574,29.55,557,56362,61.55
IVC,EQ,01-Aug-2011,31.90,32.50,32.60,30.50,30.70,30.55,31.04,137355,42.63,599,104865,76.35
IVC,EQ,02-Aug-2011,30.55,31.40,31.40,29.75,30.70,30.65,30.35,171798,52.13,1021,112930,65.73
IVC,EQ,03-Aug-2011,30.65,31.30,31.30,30.05,30.50,30.35,30.37,75879,23.05,321,60554,79.80
IVC,EQ,04-Aug-2011,30.35,30.30,30.30,29.80,30.00,29.95,30.23,341690,103.28,494,311501,91.16
IVC,EQ,05-Aug-2011,29.95,29.70,30.00,29.30,29.90,29.80,29.69,177666,52.75,437,163126,91.82
IVC,EQ,08-Aug-2011,29.80,29.90,29.90,28.60,29.00,29.15,29.19,450587,131.54,859,419037,93.00
IVC,EQ,09-Aug-2011,29.15,28.50,29.30,28.10,29.00,29.00,28.90,179898,51.99,905,148256,82.41
IVC,EQ,09-Aug-2011,29.15,28.50,29.30,28.10,29.00,29.00,28.90,179898,51.99,905,148256,82.41
IVC,EQ,10-Aug-2011,29.00,29.50,29.50,28.25,28.80,29.00,29.05,239002,69.43,1027,206645,86.46
IVC,EQ,11-Aug-2011,29.00,29.50,29.50,28.65,28.90,28.95,28.96,52729,15.27,308,49134,93.18
IVC,EQ,12-Aug-2011,28.95,29.00,29.40,27.75,27.95,27.95,28.57,115363,32.96,470,110116,95.45
IVC,EQ,16-Aug-2011,27.95,28.25,32.60,27.30,27.75,27.70,27.89,65948,18.40,281,60939,92.40
IVC,EQ,17-Aug-2011,27.70,28.45,29.25,27.40,28.35,28.70,28.04,211764,59.38,920,148458,70.11
IVC,EQ,18-Aug-2011,28.70,28.85,29.55,28.35,29.35,29.20,28.98,53770,15.58,954,43453,80.81
IVC,EQ,19-Aug-2011,29.20,29.00,29.20,27.75,28.95,28.95,28.66,84787,24.30,816,62634,73.87
IVC,EQ,22-Aug-2011,28.95,28.90,28.90,27.90,28.85,28.80,28.33,18020,5.10,270,11750,65.21
IVC,EQ,23-Aug-2011,28.80,29.00,29.20,27.90,28.00,28.05,28.14,48648,13.69,347,33973,69.83
IVC,EQ,24-Aug-2011,28.05,28.85,28.90,27.95,28.40,28.20,28.45,33553,9.55,315,26047,77.63
IVC,EQ,25-Aug-2011,28.20,28.80,29.25,28.00,28.50,29.00,28.88,75807,21.89,476,57970,76.47
IVC,EQ,26-Aug-2011,29.00,29.80,30.20,28.25,29.00,29.50,29.49,124498,36.71,499,109567,88.01
IVC,EQ,29-Aug-2011,29.50,29.45,30.25,26.10,27.90,27.80,28.17,72426,20.41,741,50701,70.00
IVC,EQ,30-Aug-2011,27.80,28.90,28.90,26.75,27.55,27.05,27.69,98976,27.41,842,81434,82.28
IVC,EQ,02-Sep-2011,27.05,28.00,28.90,27.55,28.85,28.85,28.58,27978,8.00,431,25647,91.67
IVC,EQ,05-Sep-2011,28.85,28.15,29.50,28.00,29.10,28.90,28.94,87618,25.36,383,80680,92.08
IVC,EQ,06-Sep-2011,28.90,29.80,29.80,28.75,29.50,29.45,29.10,55060,16.02,547,43115,78.31
IVC,EQ,07-Sep-2011,29.45,29.80,31.90,29.10,29.65,29.90,29.76,26050,7.75,486,20464,78.56
IVC,EQ,08-Sep-2011,29.90,30.00,30.50,29.40,29.75,29.65,29.85,20375,6.08,297,15759,77.34
IVC,EQ,09-Sep-2011,29.65,29.70,30.35,29.60,30.00,30.00,30.03,26599,7.99,141,19560,73.54
IVC,EQ,12-Sep-2011,30.00,30.35,30.40,28.95,29.45,29.40,29.47,135667,39.98,430,123807,91.26
IVC,EQ,13-Sep-2011,29.40,29.50,29.95,29.20,29.50,29.50,29.47,20810,6.13,122,16803,80.74
IVC,EQ,14-Sep-2011,29.50,29.80,29.80,28.75,29.50,29.70,29.47,66763,19.68,433,60800,91.07
IVC,EQ,15-Sep-2011,29.70,30.00,30.20,29.35,30.20,29.65,29.77,32288,9.61,216,22193,68.73
IVC,EQ,16-Sep-2011,29.65,30.55,30.55,28.50,29.50,29.20,29.28,9897,2.90,131,5610,56.68
IVC,EQ,19-Sep-2011,29.20,29.50,31.15,29.00,30.80,31.00,30.59,145067,44.38,579,109200,75.28
IVC,EQ,20-Sep-2011,31.00,31.00,31.80,30.30,30.70,31.00,31.04,35361,10.98,250,32430,91.71
IVC,EQ,21-Sep-2011,31.00,31.65,31.65,30.50,30.90,30.90,31.19,16078,5.01,109,11723,72.91
IVC,EQ,22-Sep-2011,30.90,30.95,31.20,29.70,29.80,29.80,30.41,12346,3.75,141,7920,64.15
IVC,EQ,23-Sep-2011,29.80,30.45,30.45,29.00,29.50,29.30,29.42,7455,2.19,188,4936,66.21
IVC,EQ,26-Sep-2011,29.30,30.75,35.20,27.60,28.35,28.35,28.69,113081,32.44,1272,57886,51.19
IVC,EQ,27-Sep-2011,28.35,29.70,30.90,28.55,29.50,29.65,29.62,45037,13.34,446,35819,79.53
IVC,EQ,28-Sep-2011,29.65,29.75,30.30,29.10,29.85,29.65,29.69,51120,15.18,375,42381,82.90
IVC,EQ,29-Sep-2011,29.65,28.55,30.00,28.50,30.00,29.50,29.65,57909,17.17,264,48982,84.58
IVC,EQ,30-Sep-2011,29.50,30.00,30.00,28.70,29.35,28.95,29.46,55122,16.24,398,44543,80.81
IVC,EQ,03-Oct-2011,28.95,29.40,29.90,28.65,29.00,29.05,29.56,67125,19.84,392,46515,69.30
IVC,EQ,04-Oct-2011,29.05,29.70,29.70,28.05,28.25,28.25,28.47,18934,5.39,165,12505,66.05
IVC,EQ,05-Oct-2011,28.25,29.00,29.50,27.05,28.50,28.50,28.59,16511,4.72,304,10240,62.02
IVC,EQ,07-Oct-2011,28.50,29.65,29.65,28.00,28.10,28.15,28.41,28191,8.01,290,24059,85.34
IVC,EQ,10-Oct-2011,28.15,29.40,29.40,28.00,28.10,28.10,28.32,13885,3.93,153,12729,91.67
IVC,EQ,11-Oct-2011,28.10,28.50,28.95,27.55,27.70,27.75,28.11,37249,10.47,271,18852,50.61
IVC,EQ,12-Oct-2011,27.75,28.85,28.85,27.30,28.00,27.80,28.08,22132,6.22,176,16633,75.15
IVC,EQ,13-Oct-2011,27.80,28.50,28.70,28.00,28.05,28.05,28.13,13256,3.73,74,10575,79.78
IVC,EQ,14-Oct-2011,28.05,27.90,28.50,27.90,28.50,28.35,28.31,11960,3.39,175,7532,62.98
IVC,EQ,17-Oct-2011,28.35,28.10,29.40,26.75,27.55,27.70,27.44,48535,13.32,538,28047,57.79
IVC,EQ,18-Oct-2011,27.70,28.50,29.20,27.45,28.60,28.70,28.71,35964,10.33,277,22018,61.22
IVC,EQ,19-Oct-2011,28.70,28.50,28.55,27.70,28.00,28.05,28.16,17496,4.93,188,13392,76.54
IVC,EQ,20-Oct-2011,28.05,27.75,28.20,27.75,27.80,27.95,27.99,8178,2.29,104,6687,81.77
IVC,EQ,21-Oct-2011,27.95,28.85,28.85,27.75,28.25,28.15,27.99,12145,3.40,85,9940,81.84
IVC,EQ,24-Oct-2011,28.15,28.25,28.70,27.80,27.90,27.90,28.32,67278,19.06,213,62384,92.73
IVC,EQ,24-Oct-2011,28.15,28.25,28.70,27.80,27.90,27.90,28.32,67278,19.06,213,62384,92.73
IVC,EQ,25-Oct-2011,27.90,28.00,28.20,27.80,28.10,28.10,27.94,10944,3.06,56,10224,93.42
IVC,EQ,26-Oct-2011,28.10,28.50,28.70,28.00,28.65,28.60,28.48,9573,2.73,130,8192,85.57
IVC,EQ,28-Oct-2011,28.60,33.00,33.00,28.05,28.75,29.25,30.00,84369,25.31,865,44444,52.68
IVC,EQ,31-Oct-2011,29.25,29.50,30.25,29.05,30.25,29.55,29.44,16070,4.73,362,13474,83.85
IVC,EQ,01-Nov-2011,29.55,29.75,29.85,29.55,29.70,29.70,29.69,14035,4.17,73,13024,92.80
IVC,EQ,02-Nov-2011,29.70,29.70,29.70,28.80,28.80,28.95,29.10,25045,7.29,233,21673,86.54
IVC,EQ,03-Nov-2011,28.95,29.00,29.35,28.50,28.60,28.60,28.92,12011,3.47,145,10354,86.20
IVC,EQ,04-Nov-2011,28.60,29.00,29.20,28.05,28.25,28.50,28.43,23759,6.75,199,18373,77.33
IVC,EQ,08-Nov-2011,28.50,28.95,29.10,28.30,28.95,28.95,28.71,15258,4.38,206,10067,65.98
IVC,EQ,09-Nov-2011,28.95,28.50,28.90,28.10,28.70,28.60,28.62,19952,5.71,178,14894,74.65
IVC,EQ,11-Nov-2011,28.60,28.60,29.05,28.20,28.65,28.95,28.74,23137,6.65,176,17076,73.80
IVC,EQ,14-Nov-2011,28.95,29.00,29.50,28.55,28.60,28.60,28.88,55276,15.97,320,48226,87.25
IVC,EQ,15-Nov-2011,28.60,28.95,29.25,28.45,29.20,29.05,28.88,140529,40.59,871,115924,82.49
IVC,EQ,16-Nov-2011,29.05,29.30,29.50,27.20,28.15,28.60,28.74,122059,35.07,765,85832,70.32
IVC,EQ,17-Nov-2011,28.60,28.70,28.80,28.20,28.75,28.65,28.50,22134,6.31,173,19859,89.72
IVC,EQ,18-Nov-2011,28.65,28.75,28.75,27.25,28.00,27.75,28.00,39308,11.01,289,31983,81.37
IVC,EQ,21-Nov-2011,27.75,28.00,28.50,27.20,27.30,27.50,27.84,51816,14.42,431,42726,82.46
IVC,EQ,22-Nov-2011,27.50,27.85,27.90,26.85,27.05,27.00,27.26,43657,11.90,450,37843,86.68
IVC,EQ,23-Nov-2011,27.00,27.25,29.00,26.80,27.45,27.30,27.40,44110,12.09,411,28382,64.34
IVC,EQ,24-Nov-2011,27.30,27.85,28.55,27.00,27.70,28.00,27.58,29402,8.11,249,18773,63.85
IVC,EQ,25-Nov-2011,28.00,28.50,28.50,27.00,28.20,28.00,27.74,2993,0.83,89,2334,77.98
IVC,EQ,28-Nov-2011,28.00,28.65,28.65,27.55,27.95,28.00,28.01,19103,5.35,264,14778,77.36
IVC,EQ,29-Nov-2011,28.00,27.40,28.50,27.25,27.90,28.05,28.02,9397,2.63,214,5220,55.55
IVC,EQ,30-Nov-2011,28.05,27.50,28.25,25.55,26.00,26.30,26.93,290935,78.36,4011,256348,88.11
IVC,EQ,01-Dec-2011,26.30,27.00,27.25,26.10,26.55,26.75,26.72,187156,50.00,1436,128743,68.79
IVC,EQ,02-Dec-2011,26.75,27.40,27.40,26.25,26.65,27.10,26.73,16884,4.51,356,12433,73.64
IVC,EQ,05-Dec-2011,27.10,27.20,27.40,26.50,27.30,27.05,27.01,12536,3.39,300,9547,76.16
IVC,EQ,07-Dec-2011,27.05,27.30,27.90,27.10,27.55,27.55,27.60,30297,8.36,479,23996,79.20
IVC,EQ,08-Dec-2011,27.55,27.00,28.75,27.00,27.15,27.65,27.63,65798,18.18,792,44685,67.91
IVC,EQ,09-Dec-2011,27.65,27.95,27.95,26.90,26.90,27.10,27.15,21418,5.82,434,17058,79.64
IVC,EQ,12-Dec-2011,27.10,27.05,27.70,25.90,26.45,26.15,26.24,39053,10.25,444,28925,74.07
IVC,EQ,13-Dec-2011,26.15,26.65,26.65,25.85,25.95,26.20,26.17,18916,4.95,241,15217,80.45
IVC,EQ,14-Dec-2011,26.20,26.65,27.45,25.25,25.25,25.50,25.80,45972,11.86,567,28226,61.40
IVC,EQ,15-Dec-2011,25.50,25.40,25.85,24.30,24.50,24.50,24.57,70130,17.23,580,56278,80.25
IVC,EQ,16-Dec-2011,24.50,25.25,26.10,24.60,24.70,24.90,25.56,176307,45.06,1377,104733,59.40
IVC,EQ,19-Dec-2011,24.90,24.95,25.00,23.15,23.70,23.95,24.13,79622,19.21,888,54377,68.29
IVC,EQ,20-Dec-2011,23.95,25.20,25.20,23.25,23.40,23.65,23.82,40337,9.61,741,27761,68.82
IVC,EQ,21-Dec-2011,23.65,24.90,25.95,23.75,25.70,25.05,24.93,51022,12.72,545,42696,83.68
IVC,EQ,22-Dec-2011,25.05,24.40,26.90,24.40,26.50,26.35,25.81,37329,9.64,610,26107,69.94
IVC,EQ,23-Dec-2011,26.35,26.00,27.70,25.80,27.40,27.45,26.94,71213,19.18,580,54838,77.01
IVC,EQ,26-Dec-2011,27.45,27.30,27.30,26.00,26.20,26.20,26.73,8239,2.20,124,7190,87.27
IVC,EQ,27-Dec-2011,26.20,27.50,27.50,25.80,25.85,26.05,26.40,2710,0.72,71,1874,69.15
IVC,EQ,28-Dec-2011,26.05,26.80,27.40,25.10,26.40,25.80,25.98,29169,7.58,441,16056,55.04
IVC,EQ,29-Dec-2011,25.80,26.90,26.90,24.60,25.00,25.25,25.43,49043,12.47,548,29495,60.14
IVC,EQ,30-Dec-2011,25.25,25.10,25.85,24.80,24.80,25.05,25.29,11359,2.87,145,7911,69.65
IVC,EQ,02-Jan-2012,25.05,26.00,26.25,24.50,25.40,25.30,25.19,23431,5.90,287,15985,68.22
IVC,EQ,03-Jan-2012,25.30,25.90,26.50,25.25,26.50,26.40,25.80,31473,8.12,249,27244,86.56
IVC,EQ,04-Jan-2012,26.40,26.90,27.25,26.25,26.50,26.90,27.06,18035,4.88,168,15479,85.83
IVC,EQ,05-Jan-2012,26.90,27.30,27.65,26.30,27.05,27.05,27.19,18637,5.07,120,17828,95.66
IVC,EQ,06-Jan-2012,27.05,27.40,27.40,26.55,27.25,27.15,27.12,19389,5.26,128,16356,84.36
IVC,EQ,07-Jan-2012,27.15,26.55,27.25,26.55,27.25,27.25,27.09,435,0.12,6,435,100.00
IVC,EQ,09-Jan-2012,27.25,27.35,27.60,27.00,27.60,27.45,27.20,20745,5.64,94,20339,98.04
IVC,EQ,10-Jan-2012,27.45,28.30,28.30,27.05,27.05,27.15,27.51,32753,9.01,257,24428,74.58
IVC,EQ,11-Jan-2012,27.15,27.50,27.75,27.00,27.05,27.15,27.29,8765,2.39,77,5647,64.43
IVC,EQ,12-Jan-2012,27.15,28.85,28.85,27.05,27.50,27.45,27.43,17050,4.68,205,13746,80.62
IVC,EQ,13-Jan-2012,27.45,27.90,28.25,27.15,27.15,27.30,27.62,10479,2.89,119,6281,59.94
IVC,EQ,16-Jan-2012,27.30,28.00,28.00,27.00,27.25,27.40,27.19,13624,3.70,128,11883,87.22
IVC,EQ,17-Jan-2012,27.40,28.00,28.20,26.75,27.00,27.00,27.46,28750,7.89,294,23120,80.42
IVC,EQ,18-Jan-2012,27.00,27.10,27.85,27.00,27.30,27.40,27.36,27442,7.51,321,15432,56.23
IVC,EQ,19-Jan-2012,27.40,27.60,31.00,27.25,28.00,28.00,27.87,38399,10.70,416,21916,57.07
IVC,EQ,20-Jan-2012,28.00,28.35,28.35,27.15,27.15,27.25,27.93,17279,4.83,158,12909,74.71
IVC,EQ,23-Jan-2012,27.25,27.05,28.25,27.00,27.00,27.35,27.44,29233,8.02,279,18059,61.78
IVC,EQ,24-Jan-2012,27.35,27.50,27.75,27.10,27.50,27.35,27.51,18300,5.03,255,14414,78.77
IVC,EQ,25-Jan-2012,27.35,27.50,27.75,26.75,27.00,27.00,27.09,46088,12.48,423,36668,79.56
IVC,EQ,27-Jan-2012,27.00,27.10,27.75,27.00,27.30,27.25,27.43,26130,7.17,330,18801,71.95
IVC,EQ,30-Jan-2012,27.25,27.75,27.75,27.00,27.00,27.05,27.44,50929,13.97,516,26997,53.01
IVC,EQ,31-Jan-2012,27.05,27.30,27.75,27.00,27.50,27.50,27.61,74464,20.56,400,51597,69.29
IVC,EQ,01-Feb-2012,27.50,27.75,27.75,27.05,27.25,27.50,27.49,42495,11.68,282,28013,65.92
IVC,EQ,02-Feb-2012,27.50,27.75,27.75,27.20,27.25,27.30,27.41,18040,4.95,153,12395,68.71
IVC,EQ,03-Feb-2012,27.30,27.10,27.90,27.10,27.75,27.80,27.40,31038,8.50,233,22911,73.82
IVC,EQ,06-Feb-2012,27.80,27.90,30.10,27.80,30.10,29.65,28.70,163900,47.05,917,127842,78.00
IVC,EQ,07-Feb-2012,29.65,30.40,30.45,29.00,29.20,29.20,29.89,65765,19.66,512,50212,76.35
IVC,EQ,08-Feb-2012,29.20,29.50,30.20,29.00,29.45,29.30,29.63,80915,23.98,710,58601,72.42
IVC,EQ,09-Feb-2012,29.30,29.90,29.90,28.90,29.35,29.40,29.27,65571,19.19,257,55966,85.35
IVC,EQ,10-Feb-2012,29.40,29.15,31.40,29.15,30.15,30.10,30.07,99495,29.92,1103,63577,63.90
IVC,EQ,13-Feb-2012,30.10,30.15,30.15,29.15,29.15,29.25,29.60,32339,9.57,212,22689,70.16
IVC,EQ,14-Feb-2012,29.25,30.95,30.95,29.20,29.45,29.25,29.38,14792,4.35,178,12389,83.75
IVC,EQ,15-Feb-2012,29.25,29.95,32.25,29.30,30.60,30.60,30.96,342957,106.18,2463,167548,48.85
IVC,EQ,16-Feb-2012,30.60,30.50,31.60,30.10,30.70,30.65,30.62,99193,30.38,731,69286,69.85
IVC,EQ,17-Feb-2012,30.65,31.00,31.80,30.30,31.10,30.55,30.96,82579,25.57,567,54161,65.59
IVC,EQ,21-Feb-2012,30.55,30.05,31.50,29.30,29.60,29.65,30.34,120222,36.47,887,84952,70.66
IVC,EQ,22-Feb-2012,29.65,30.75,31.50,30.15,30.40,30.70,30.96,173243,53.63,799,114750,66.24
IVC,EQ,23-Feb-2012,30.70,29.55,30.85,29.40,29.75,29.80,29.70,43130,12.81,468,32761,75.96
IVC,EQ,24-Feb-2012,29.80,29.90,29.90,28.60,29.00,29.05,29.12,45369,13.21,326,30886,68.08
IVC,EQ,27-Feb-2012,29.05,29.50,29.50,28.20,28.65,28.90,28.63,20963,6.00,223,14671,69.99
IVC,EQ,28-Feb-2012,28.90,28.55,29.55,28.30,29.05,29.10,29.15,42694,12.44,205,38984,91.31
IVC,EQ,29-Feb-2012,29.10,28.50,29.60,28.50,29.05,29.00,29.03,25813,7.49,216,19650,76.12
IVC,EQ,01-Mar-2012,29.00,28.65,29.40,28.35,28.90,28.85,28.89,56993,16.47,242,49185,86.30
IVC,EQ,02-Mar-2012,28.85,28.50,29.40,28.10,28.70,28.35,28.55,69227,19.77,306,55722,80.49
IVC,EQ,03-Mar-2012,28.35,29.00,29.25,28.50,29.25,28.85,28.88,10219,2.95,124,7430,72.71
IVC,EQ,05-Mar-2012,28.85,29.00,29.25,28.55,29.15,29.10,28.94,38145,11.04,294,27773,72.81
IVC,EQ,06-Mar-2012,29.10,29.25,29.25,28.60,28.95,28.90,28.96,16241,4.70,83,14373,88.50
IVC,EQ,07-Mar-2012,28.90,28.30,29.25,28.30,28.50,28.55,28.67,59194,16.97,239,42068,71.07
IVC,EQ,09-Mar-2012,28.55,29.00,29.20,28.50,29.00,29.00,28.99,30633,8.88,158,27627,90.19
IVC,EQ,12-Mar-2012,29.00,29.25,29.50,29.00,29.50,29.10,29.14,18771,5.47,159,15232,81.15
IVC,EQ,13-Mar-2012,29.10,29.40,29.40,28.75,29.00,29.00,29.09,4041,1.18,143,2356,58.30
IVC,EQ,14-Mar-2012,29.00,29.45,29.45,28.60,28.85,28.80,28.84,8398,2.42,92,5944,70.78
IVC,EQ,15-Mar-2012,28.80,28.85,29.00,28.35,28.35,28.50,28.62,34924,10.00,129,33397,95.63
IVC,EQ,16-Mar-2012,28.50,28.50,28.95,28.20,28.20,28.25,28.42,85443,24.28,289,71082,83.19
IVC,EQ,19-Mar-2012,28.25,28.50,32.00,28.10,28.15,28.20,28.58,49182,14.06,415,32453,65.99
IVC,EQ,20-Mar-2012,28.20,28.50,28.50,27.75,28.00,28.10,28.18,75211,21.19,173,71480,95.04
IVC,EQ,21-Mar-2012,28.10,28.50,29.20,27.90,28.45,28.65,28.60,48798,13.96,231,32731,67.07
IVC,EQ,22-Mar-2012,28.65,29.00,29.00,27.50,27.60,27.80,27.91,44263,12.35,255,35831,80.95
IVC,EQ,23-Mar-2012,27.80,27.80,28.45,27.15,27.45,27.50,27.65,25720,7.11,270,17584,68.37
IVC,EQ,26-Mar-2012,27.50,28.45,28.45,27.20,27.80,27.80,27.50,39163,10.77,233,28475,72.71
IVC,EQ,27-Mar-2012,27.80,27.80,27.95,26.30,26.35,26.65,27.16,36447,9.90,298,20443,56.09
IVC,EQ,28-Mar-2012,26.65,26.70,28.20,26.00,27.00,27.15,27.17,38507,10.46,428,24660,64.04
IVC,EQ,29-Mar-2012,27.15,27.50,27.85,26.60,27.00,27.05,27.10,47265,12.81,604,23069,48.81
IVC,EQ,30-Mar-2012,27.05,27.10,27.60,26.65,27.00,27.00,26.94,32904,8.86,323,25312,76.93
IVC,EQ,02-Apr-2012,27.00,27.80,27.80,26.80,27.25,27.20,27.20,11028,3.00,133,9010,81.70
IVC,EQ,03-Apr-2012,27.20,27.95,27.95,26.95,27.50,27.40,27.17,68599,18.64,384,45480,66.30
IVC,EQ,04-Apr-2012,27.40,27.65,27.80,27.10,27.75,27.70,27.39,16474,4.51,176,10830,65.74
IVC,EQ,09-Apr-2012,27.70,28.00,28.40,26.80,27.00,27.00,27.06,65871,17.83,410,47645,72.33
IVC,EQ,10-Apr-2012,27.00,27.55,28.10,26.90,27.20,27.10,27.48,38948,10.70,395,22400,57.51
IVC,EQ,11-Apr-2012,27.10,27.10,27.55,26.80,26.90,26.90,27.03,16842,4.55,119,15656,92.96
IVC,EQ,12-Apr-2012,26.90,27.05,27.50,26.75,26.75,26.90,27.03,83054,22.45,321,69824,84.07
IVC,EQ,13-Apr-2012,26.90,27.65,27.65,26.70,26.80,26.80,26.95,48339,13.03,231,39060,80.80
IVC,EQ,16-Apr-2012,26.80,26.50,27.50,26.50,26.75,26.75,26.83,26293,7.05,149,22113,84.10
IVC,EQ,17-Apr-2012,26.75,27.00,27.80,26.90,27.00,27.00,27.12,95526,25.90,517,51805,54.23
IVC,EQ,18-Apr-2012,27.00,27.50,27.50,26.80,26.95,26.95,27.05,37100,10.04,242,31564,85.08
IVC,EQ,19-Apr-2012,26.95,27.40,27.50,26.75,26.80,26.90,27.06,45560,12.33,292,34655,76.06
IVC,EQ,20-Apr-2012,26.90,26.90,27.30,26.80,27.00,26.95,27.04,20026,5.42,120,14386,71.84
IVC,EQ,23-Apr-2012,26.95,26.75,28.00,26.55,27.40,27.50,27.59,92572,25.54,477,53890,58.21
IVC,EQ,24-Apr-2012,27.50,27.90,27.90,26.80,26.85,27.00,27.24,40260,10.97,253,29869,74.19
IVC,EQ,25-Apr-2012,27.00,27.50,27.70,23.45,27.10,27.40,26.70,55923,14.93,351,32827,58.70
IVC,EQ,26-Apr-2012,27.40,27.60,27.60,26.75,26.80,26.95,26.92,6972,1.88,78,4939,70.84
IVC,EQ,27-Apr-2012,26.95,27.35,27.40,26.80,27.15,27.15,27.16,13361,3.63,138,9067,67.86
IVC,EQ,28-Apr-2012,27.15,27.20,27.20,27.15,27.15,27.15,27.15,2539,0.69,9,2435,95.90
IVC,EQ,30-Apr-2012,27.15,27.55,27.55,27.00,27.25,27.30,27.22,21302,5.80,168,15425,72.41
IVC,EQ,02-May-2012,27.30,27.45,27.50,27.15,27.30,27.30,27.35,20215,5.53,92,14063,69.57
IVC,EQ,03-May-2012,27.30,27.05,28.25,27.00,27.65,27.65,27.79,31944,8.88,287,23619,73.94
IVC,EQ,04-May-2012,27.65,28.00,29.50,27.25,27.50,27.60,27.91,55576,15.51,392,44865,80.73
IVC,EQ,07-May-2012,27.60,27.90,28.30,27.05,27.25,27.35,27.68,65970,18.26,502,33515,50.80
IVC,EQ,08-May-2012,27.35,27.80,27.90,26.95,27.00,27.00,27.34,25539,6.98,174,18648,73.02
IVC,EQ,09-May-2012,27.00,27.50,27.50,27.00,27.20,27.05,27.03,33318,9.01,80,31973,95.96
IVC,EQ,10-May-2012,27.05,27.25,27.65,27.05,27.05,27.10,27.23,20335,5.54,127,15577,76.60
IVC,EQ,11-May-2012,27.10,27.50,27.50,26.50,27.10,27.05,26.85,32632,8.76,143,27307,83.68
IVC,EQ,14-May-2012,27.05,27.50,28.50,26.90,26.95,27.15,27.64,104746,28.95,853,29232,27.91
IVC,EQ,15-May-2012,27.15,26.90,27.55,26.85,27.55,27.40,27.27,22007,6.00,180,14181,64.44
IVC,EQ,16-May-2012,27.40,27.70,27.70,26.75,26.95,27.10,26.99,15928,4.30,118,11603,72.85
IVC,EQ,17-May-2012,27.10,27.75,27.75,26.25,26.50,26.70,26.87,37327,10.03,172,27315,73.18
IVC,EQ,18-May-2012,26.70,27.00,27.75,26.85,27.35,27.20,27.12,38443,10.43,263,23350,60.74
IVC,EQ,21-May-2012,27.20,27.70,27.70,27.00,27.05,27.15,27.44,31417,8.62,215,21865,69.60
IVC,EQ,22-May-2012,27.15,27.55,27.55,26.80,26.80,26.85,27.04,17606,4.76,153,13629,77.41
IVC,EQ,23-May-2012,26.85,27.35,27.35,26.60,26.80,26.80,26.89,7217,1.94,79,6332,87.74
IVC,EQ,24-May-2012,26.80,27.30,27.30,26.80,26.85,26.85,26.90,11068,2.98,92,9742,88.02
IVC,EQ,25-May-2012,26.85,27.30,27.30,26.80,27.00,27.15,27.08,9328,2.53,83,6298,67.52
IVC,EQ,28-May-2012,27.15,27.00,27.40,26.65,26.95,26.95,27.09,9513,2.58,76,7166,75.33
IVC,EQ,29-May-2012,26.95,27.25,27.30,27.00,27.10,27.15,27.18,7398,2.01,66,5917,79.98
IVC,EQ,30-May-2012,27.15,27.30,27.45,26.80,26.90,27.10,27.13,59714,16.20,270,37523,62.84
IVC,EQ,31-May-2012,27.10,27.25,27.25,26.80,26.85,27.00,26.97,13582,3.66,89,12821,94.40
IVC,EQ,01-Jun-2012,27.00,27.30,27.30,26.20,26.45,26.25,26.50,41967,11.12,201,36616,87.25
IVC,EQ,04-Jun-2012,26.25,26.10,26.70,25.80,26.40,26.45,26.20,9352,2.45,101,8172,87.38
IVC,EQ,05-Jun-2012,26.45,26.85,26.85,26.20,26.50,26.30,26.35,4084,1.08,50,3414,83.59
IVC,EQ,06-Jun-2012,26.30,26.60,26.95,26.50,26.95,26.95,26.81,12611,3.38,68,11859,94.04
IVC,EQ,07-Jun-2012,26.95,27.30,27.30,26.50,27.00,26.90,27.08,100522,27.23,229,77358,76.96
IVC,EQ,08-Jun-2012,26.90,27.25,27.25,26.50,26.90,26.75,26.81,8809,2.36,86,5689,64.58
IVC,EQ,11-Jun-2012,26.75,26.55,27.05,26.55,26.90,26.70,26.76,10988,2.94,71,8677,78.97
IVC,EQ,12-Jun-2012,26.70,27.10,27.30,26.70,26.75,26.95,27.00,27574,7.44,384,20496,74.33
IVC,EQ,13-Jun-2012,26.95,26.95,27.25,26.75,27.20,27.15,27.08,13286,3.60,74,10063,75.74
IVC,EQ,14-Jun-2012,27.15,27.35,27.35,26.50,26.70,26.75,26.82,9764,2.62,70,8055,82.50
IVC,EQ,15-Jun-2012,26.75,26.70,27.65,25.90,26.60,26.70,26.89,94108,25.30,328,73823,78.44
IVC,EQ,18-Jun-2012,26.70,27.40,27.40,26.40,26.50,26.50,26.61,10100,2.69,84,8960,88.71
IVC,EQ,19-Jun-2012,26.50,26.55,26.95,26.25,26.65,26.75,26.59,13230,3.52,110,12229,92.43
IVC,EQ,20-Jun-2012,26.75,27.60,27.60,25.90,26.60,26.75,26.58,33690,8.96,264,16977,50.39
IVC,EQ,21-Jun-2012,26.75,27.00,27.15,26.25,27.00,26.95,26.84,33185,8.91,387,18651,56.20
IVC,EQ,22-Jun-2012,26.95,27.10,27.40,26.70,26.70,26.85,26.95,32226,8.69,303,24387,75.67
IVC,EQ,25-Jun-2012,26.85,27.15,27.15,26.50,26.50,26.65,26.86,48562,13.04,154,46856,96.49
IVC,EQ,26-Jun-2012,26.65,26.55,27.35,26.55,27.35,27.30,27.09,28359,7.68,446,25613,90.32
IVC,EQ,27-Jun-2012,27.30,27.40,28.40,27.20,28.40,28.15,27.73,44050,12.21,370,37630,85.43
IVC,EQ,28-Jun-2012,28.15,28.00,28.65,27.80,28.50,28.50,28.22,22313,6.30,311,13429,60.18
IVC,EQ,29-Jun-2012,28.50,28.55,32.00,28.30,28.65,28.70,29.08,32908,9.57,392,22842,69.41
IVC,EQ,02-Jul-2012,28.70,28.80,29.55,28.60,29.20,29.20,29.10,32240,9.38,247,29990,93.02
IVC,EQ,03-Jul-2012,29.20,29.70,29.70,28.70,29.00,28.80,29.06,47108,13.69,220,44781,95.06
IVC,EQ,04-Jul-2012,28.80,29.30,29.30,28.65,28.65,28.70,28.88,74837,21.61,143,74195,99.14
IVC,EQ,05-Jul-2012,28.70,29.30,29.40,28.80,29.00,29.05,29.01,76641,22.24,184,60078,78.39
IVC,EQ,06-Jul-2012,29.05,29.70,29.70,28.60,28.70,28.75,29.01,43433,12.60,185,37821,87.08
IVC,EQ,09-Jul-2012,28.75,28.75,29.35,28.40,29.05,29.10,29.04,110792,32.17,385,78922,71.23
IVC,EQ,09-Jul-2012,28.75,28.75,29.35,28.40,29.05,29.10,29.04,110792,32.17,385,78922,71.23
IVC,EQ,10-Jul-2012,29.10,28.20,28.20,27.20,27.55,27.60,27.60,44680,12.33,266,33284,74.49
IVC,EQ,11-Jul-2012,27.60,27.25,27.80,27.25,27.25,27.25,27.51,11730,3.23,106,10439,88.99
IVC,EQ,12-Jul-2012,27.25,27.00,27.25,26.70,26.70,26.70,26.80,41897,11.23,209,39142,93.42
IVC,EQ,13-Jul-2012,26.70,26.85,27.20,25.95,26.05,26.10,26.82,54228,14.54,288,45565,84.02
IVC,EQ,16-Jul-2012,26.10,26.85,27.65,26.20,26.50,26.85,26.98,77251,20.84,882,65539,84.84
IVC,EQ,17-Jul-2012,26.85,26.95,27.55,25.60,26.45,25.95,26.43,79400,20.98,442,70344,88.59
IVC,EQ,18-Jul-2012,25.95,26.05,26.50,25.90,26.05,26.05,26.09,7933,2.07,72,6154,77.57
IVC,EQ,19-Jul-2012,26.05,26.00,27.00,26.00,26.85,26.50,26.71,47834,12.78,410,37807,79.04
IVC,EQ,20-Jul-2012,26.50,26.25,27.00,26.25,26.25,26.25,26.62,6155,1.64,59,5598,90.95
IVC,EQ,23-Jul-2012,26.25,26.00,26.95,26.00,26.55,26.70,26.65,11682,3.11,162,7483,64.06
IVC,EQ,24-Jul-2012,26.70,26.95,27.35,26.25,26.35,26.30,26.40,22178,5.86,137,19717,88.90
IVC,EQ,25-Jul-2012,26.30,27.10,27.10,26.35,26.40,26.65,26.62,27070,7.21,136,25444,93.99
IVC,EQ,26-Jul-2012,26.65,27.00,27.00,26.05,26.15,26.15,26.15,19541,5.11,101,15055,77.04
IVC,EQ,27-Jul-2012,26.15,26.90,26.90,25.70,26.35,26.10,25.91,29493,7.64,161,24135,81.83
IVC,EQ,30-Jul-2012,26.10,26.75,26.75,25.75,25.85,25.85,25.97,53270,13.83,139,49979,93.82
IVC,EQ,31-Jul-2012,25.85,26.70,26.70,25.65,26.60,26.55,26.10,48335,12.62,517,27176,56.22
IVC,EQ,01-Aug-2012,26.55,26.55,26.75,26.00,26.55,26.70,26.31,13086,3.44,100,9971,76.20
IVC,EQ,02-Aug-2012,26.70,26.75,27.30,26.20,26.70,26.70,26.49,19699,5.22,104,10354,52.56
IVC,EQ,03-Aug-2012,26.70,26.95,26.95,26.20,26.50,26.50,26.41,18273,4.83,157,11051,60.48
IVC,EQ,06-Aug-2012,26.50,26.05,26.90,26.05,26.45,26.50,26.55,18695,4.96,353,14548,77.82
IVC,EQ,07-Aug-2012,26.50,26.85,27.00,25.85,26.05,26.20,26.68,76465,20.40,388,48888,63.94
IVC,EQ,08-Aug-2012,26.20,26.50,26.80,25.75,26.70,26.65,26.42,97832,25.85,271,84916,86.80
IVC,EQ,09-Aug-2012,26.65,26.50,26.75,26.05,26.30,26.30,26.25,12444,3.27,126,8696,69.88
IVC,EQ,10-Aug-2012,26.30,26.65,26.65,25.50,25.80,25.80,25.95,11722,3.04,82,10435,89.02
IVC,EQ,13-Aug-2012,25.80,25.85,26.15,25.60,25.85,25.85,25.97,42050,10.92,750,35377,84.13
IVC,EQ,14-Aug-2012,25.85,26.40,26.40,25.80,25.80,25.90,25.94,23426,6.08,80,16285,69.52
IVC,EQ,16-Aug-2012,25.90,26.00,26.10,25.70,26.00,26.00,25.99,135419,35.19,405,128985,95.25
IVC,EQ,17-Aug-2012,26.00,25.75,26.30,25.75,25.85,26.05,26.04,27750,7.23,259,26396,95.12
IVC,EQ,21-Aug-2012,26.05,26.50,26.60,25.50,26.05,26.05,26.22,78026,20.46,281,67247,86.19
IVC,EQ,22-Aug-2012,26.05,25.75,26.90,25.70,26.25,26.30,26.40,23976,6.33,228,15872,66.20
IVC,EQ,23-Aug-2012,26.30,26.55,26.55,25.55,25.90,25.75,26.20,111169,29.13,160,108174,97.31
IVC,EQ,24-Aug-2012,25.75,25.70,26.00,25.50,26.00,25.95,25.99,133900,34.80,75,131639,98.31
IVC,EQ,27-Aug-2012,25.95,25.85,26.00,24.95,25.25,25.15,25.39,86506,21.97,190,79908,92.37
IVC,EQ,28-Aug-2012,25.15,25.40,26.20,25.10,25.75,25.85,25.90,178046,46.12,885,166774,93.67
IVC,EQ,29-Aug-2012,25.85,26.00,26.25,25.25,25.25,25.30,25.46,16236,4.13,118,9187,56.58
IVC,EQ,30-Aug-2012,25.30,25.50,26.00,25.25,25.70,25.90,25.79,101713,26.23,314,87286,85.82
IVC,EQ,31-Aug-2012,25.90,25.50,26.00,25.25,25.30,25.65,25.90,79683,20.64,149,74633,93.66
IVC,EQ,03-Sep-2012,25.65,25.40,26.05,25.30,25.90,26.00,25.97,122105,31.71,231,114514,93.78
IVC,EQ,04-Sep-2012,26.00,26.50,26.50,25.70,25.80,25.75,25.81,30880,7.97,68,28059,90.86
IVC,EQ,05-Sep-2012,25.75,25.90,26.00,25.50,25.80,25.90,25.96,61016,15.84,72,57219,93.78
IVC,EQ,06-Sep-2012,25.90,26.00,26.00,25.65,25.95,25.70,25.74,13176,3.39,72,9631,73.10
IVC,EQ,07-Sep-2012,25.70,26.40,26.40,25.65,25.95,26.00,25.99,78424,20.38,62,75077,95.73
IVC,EQ,08-Sep-2012,26.00,25.65,26.45,25.65,26.45,26.40,26.10,13760,3.59,29,13000,94.48
IVC,EQ,10-Sep-2012,26.40,26.85,26.85,25.75,26.00,25.95,25.95,169324,43.93,67,168569,99.55
IVC,EQ,11-Sep-2012,25.95,26.50,26.50,25.85,26.00,26.00,26.05,32491,8.46,73,32191,99.08
IVC,EQ,12-Sep-2012,26.00,26.00,26.30,25.85,26.00,26.00,26.00,110990,28.86,376,98079,88.37
IVC,EQ,13-Sep-2012,26.00,26.25,26.25,25.70,26.00,25.90,25.90,61205,15.85,185,58502,95.58
IVC,EQ,14-Sep-2012,25.90,26.30,26.30,25.75,25.95,25.95,25.96,149163,38.72,203,146285,98.07
IVC,EQ,17-Sep-2012,25.95,26.50,26.50,25.25,25.90,25.95,25.90,100600,26.06,222,93064,92.51
IVC,EQ,18-Sep-2012,25.95,26.65,26.65,25.55,25.95,25.95,25.88,104604,27.07,404,94359,90.21
IVC,EQ,20-Sep-2012,25.95,26.35,26.35,25.45,25.90,25.90,25.92,19328,5.01,84,16455,85.14
IVC,EQ,21-Sep-2012,25.90,26.00,26.10,25.65,25.70,25.75,25.84,52272,13.51,139,49130,93.99
IVC,EQ,24-Sep-2012,25.75,25.80,26.00,24.80,25.10,25.00,25.53,119303,30.46,436,104500,87.59
IVC,EQ,25-Sep-2012,25.00,25.30,25.50,24.95,25.30,25.45,25.07,377077,94.53,2174,266872,70.77
IVC,EQ,26-Sep-2012,25.45,25.30,25.95,25.10,25.60,25.35,25.60,39405,10.09,290,26104,66.25
IVC,EQ,27-Sep-2012,25.35,25.95,25.95,25.35,25.65,25.65,25.57,18527,4.74,108,16532,89.23
IVC,EQ,28-Sep-2012,25.65,25.95,26.25,25.30,26.00,26.05,26.00,52741,13.71,223,37043,70.24
IVC,EQ,01-Oct-2012,26.05,26.10,26.10,25.50,25.80,25.70,25.76,65186,16.79,282,50890,78.07
IVC,EQ,03-Oct-2012,25.70,25.70,26.05,25.65,25.75,25.80,25.83,107627,27.79,177,101883,94.66
IVC,EQ,04-Oct-2012,25.80,25.80,27.25,25.80,26.90,26.85,26.55,374543,99.43,1049,310056,82.78
IVC,EQ,05-Oct-2012,26.85,27.25,27.50,26.20,26.85,26.80,26.73,61669,16.49,279,51535,83.57
IVC,EQ,08-Oct-2012,26.80,26.75,27.45,26.50,27.35,27.00,26.85,127244,34.17,306,106513,83.71
IVC,EQ,09-Oct-2012,27.00,27.20,27.80,27.00,27.20,27.20,27.28,61560,16.80,343,51871,84.26
IVC,EQ,10-Oct-2012,27.20,27.00,27.85,26.50,26.65,26.55,27.05,129083,34.92,554,111941,86.72
IVC,EQ,11-Oct-2012,26.55,26.60,27.00,26.55,27.00,26.80,26.78,29895,8.01,99,26762,89.52
IVC,EQ,12-Oct-2012,26.80,27.00,27.00,26.50,26.70,26.75,26.79,81838,21.92,299,75419,92.16
IVC,EQ,15-Oct-2012,26.75,26.50,26.90,26.35,26.40,26.40,26.55,42351,11.24,214,35256,83.25
IVC,EQ,16-Oct-2012,26.40,26.40,26.90,26.00,26.30,26.30,26.28,36130,9.50,228,30737,85.07
IVC,EQ,17-Oct-2012,26.30,26.75,26.75,25.70,26.00,25.95,25.99,44844,11.65,119,39336,87.72
IVC,EQ,18-Oct-2012,25.95,26.05,26.05,25.80,26.00,25.95,25.98,32372,8.41,56,31897,98.53
IVC,EQ,19-Oct-2012,25.95,26.50,26.50,25.80,25.95,26.00,25.98,60750,15.78,73,54049,88.97
IVC,EQ,22-Oct-2012,26.00,26.05,26.20,25.65,25.95,25.75,25.83,18501,4.78,124,13549,73.23
IVC,EQ,23-Oct-2012,25.75,25.75,25.90,25.40,25.85,25.60,25.63,44979,11.53,175,37619,83.64
IVC,EQ,25-Oct-2012,25.60,25.40,26.00,25.15,25.30,25.30,25.36,55456,14.06,192,45769,82.53
IVC,EQ,26-Oct-2012,25.30,25.30,25.90,25.20,25.30,25.50,25.48,26722,6.81,111,20696,77.45
IVC,EQ,29-Oct-2012,25.50,25.75,25.80,25.50,25.50,25.50,25.61,29550,7.57,223,26682,90.29
IVC,EQ,30-Oct-2012,25.50,25.85,25.85,25.10,25.20,25.30,25.49,33816,8.62,203,25769,76.20
IVC,EQ,31-Oct-2012,25.30,25.50,25.50,24.95,25.00,25.00,25.09,237240,59.52,387,216727,91.35
IVC,EQ,01-Nov-2012,25.00,25.40,25.40,24.80,25.00,24.95,25.01,294450,73.63,861,244496,83.03
IVC,EQ,02-Nov-2012,24.95,25.25,25.25,24.90,25.00,25.00,25.00,59797,14.95,179,56038,93.71
IVC,EQ,05-Nov-2012,25.00,25.00,25.00,24.75,25.00,25.00,24.93,63745,15.89,178,61325,96.20
IVC,EQ,06-Nov-2012,25.00,24.90,25.00,24.40,24.90,24.95,24.74,88773,21.97,831,73964,83.32
IVC,EQ,07-Nov-2012,24.95,24.70,25.50,24.70,24.75,24.80,24.92,59728,14.89,289,48668,81.48
IVC,EQ,08-Nov-2012,24.80,25.00,25.00,24.75,24.80,24.90,24.89,28263,7.04,139,23794,84.19
IVC,EQ,09-Nov-2012,24.90,24.90,24.95,24.40,24.90,24.80,24.81,22529,5.59,89,21273,94.42
IVC,EQ,12-Nov-2012,24.80,24.60,24.95,24.60,24.95,24.80,24.90,44786,11.15,176,39771,88.80
IVC,EQ,13-Nov-2012,24.80,24.85,24.95,24.00,24.55,24.85,24.49,56126,13.75,250,39975,71.22
IVC,EQ,15-Nov-2012,24.85,24.90,24.95,24.60,24.80,24.85,24.90,102260,25.46,205,95995,93.87
IVC,EQ,16-Nov-2012,24.85,24.95,24.95,24.50,24.70,24.65,24.70,28148,6.95,173,21323,75.75
IVC,EQ,19-Nov-2012,24.65,24.95,25.00,24.40,24.40,24.55,24.78,44241,10.96,173,39231,88.68
IVC,EQ,20-Nov-2012,24.55,24.60,24.90,23.75,23.90,23.90,24.09,71110,17.13,376,65213,91.71
IVC,EQ,21-Nov-2012,23.90,24.00,24.60,23.60,24.50,24.40,24.27,205814,49.95,813,167081,81.18
IVC,EQ,22-Nov-2012,24.40,24.60,24.75,24.10,24.25,24.30,24.40,33879,8.27,153,28806,85.03
IVC,EQ,23-Nov-2012,24.30,24.15,24.65,24.05,24.30,24.40,24.22,17538,4.25,93,14772,84.23
IVC,EQ,26-Nov-2012,24.40,24.15,24.50,23.90,24.00,24.00,24.05,36616,8.80,154,29957,81.81
IVC,EQ,27-Nov-2012,24.00,24.00,24.50,23.80,23.95,23.90,24.05,94880,22.82,343,85688,90.31
IVC,EQ,29-Nov-2012,23.90,24.00,24.90,23.45,24.75,24.75,24.10,249826,60.20,2077,153110,61.29
IVC,EQ,30-Nov-2012,24.75,24.60,24.85,24.05,24.25,24.30,24.28,83302,20.23,220,70933,85.15
IVC,EQ,03-Dec-2012,24.30,24.00,24.50,24.00,24.15,24.20,24.37,25314,6.17,100,24797,97.96
IVC,EQ,04-Dec-2012,24.20,24.65,24.70,23.95,23.95,24.05,24.17,108551,26.24,265,98636,90.87
IVC,EQ,05-Dec-2012,24.05,24.45,24.70,23.95,24.25,24.15,24.17,321940,77.82,1063,271117,84.21
IVC,EQ,06-Dec-2012,24.15,24.30,24.40,23.90,23.95,23.95,23.99,97460,23.38,181,94533,97.00
IVC,EQ,07-Dec-2012,23.95,24.10,24.40,23.50,23.95,23.85,23.82,124085,29.56,396,110521,89.07
IVC,EQ,10-Dec-2012,23.85,24.00,24.20,23.80,24.15,24.15,24.01,146073,35.07,734,130007,89.00
IVC,EQ,11-Dec-2012,24.15,24.50,24.50,23.70,23.90,24.05,24.04,73949,17.78,277,59920,81.03
IVC,EQ,12-Dec-2012,24.05,24.00,24.15,23.70,23.75,23.80,23.84,34088,8.13,187,26900,78.91
IVC,EQ,13-Dec-2012,23.80,24.00,24.00,23.20,23.80,23.45,23.60,451330,106.51,4576,380439,84.29
IVC,EQ,14-Dec-2012,23.45,23.80,24.00,23.60,24.00,23.95,23.88,42676,10.19,162,31549,73.93
IVC,EQ,17-Dec-2012,23.95,23.85,24.35,23.65,23.95,23.80,23.96,72684,17.41,137,69544,95.68
IVC,EQ,18-Dec-2012,23.80,24.00,24.00,23.40,23.65,23.75,23.77,161262,38.32,373,132360,82.08
IVC,EQ,19-Dec-2012,23.75,23.75,24.20,23.40,23.60,23.55,23.69,193583,45.85,296,168042,86.81
IVC,EQ,20-Dec-2012,23.55,23.85,24.90,23.75,24.30,24.35,24.10,1404832,338.58,1084,1288124,91.69
IVC,EQ,21-Dec-2012,24.35,24.50,24.65,23.60,23.85,23.70,24.00,242155,58.12,670,208394,86.06
IVC,EQ,24-Dec-2012,23.70,24.40,24.40,23.80,23.90,23.95,23.98,74345,17.83,475,58594,78.81
IVC,EQ,26-Dec-2012,23.95,24.10,24.10,23.60,23.75,23.70,23.74,179307,42.57,278,169580,94.58
IVC,EQ,27-Dec-2012,23.70,23.50,23.90,22.70,23.50,23.60,23.42,120555,28.24,500,80605,66.86
IVC,EQ,28-Dec-2012,23.60,23.50,23.90,23.35,23.65,23.60,23.54,132974,31.30,263,121750,91.56
IVC,EQ,31-Dec-2012,23.60,24.00,24.00,23.50,23.95,23.90,23.83,47030,11.21,187,40654,86.44
IVC,EQ,01-Jan-2013,23.90,23.70,23.95,23.45,23.80,23.90,23.85,42153,10.05,172,31357,74.39
IVC,EQ,02-Jan-2013,23.90,23.80,24.00,23.65,23.80,23.75,23.83,116602,27.78,268,96956,83.15
IVC,EQ,03-Jan-2013,23.75,23.90,24.00,23.70,23.80,23.85,23.85,51333,12.24,194,34254,66.73
IVC,EQ,04-Jan-2013,23.85,24.00,24.90,23.70,23.70,23.85,23.95,97974,23.46,248,73977,75.51
IVC,EQ,07-Jan-2013,23.85,24.30,24.35,23.45,23.70,23.70,23.68,204704,48.48,380,159953,78.14
IVC,EQ,08-Jan-2013,23.70,23.85,24.00,23.45,23.50,23.55,23.62,205694,48.58,510,159332,77.46
IVC,EQ,09-Jan-2013,23.55,23.80,23.85,23.35,23.60,23.60,23.56,74378,17.53,310,49801,66.96
IVC,EQ,10-Jan-2013,23.60,23.75,23.85,23.50,23.55,23.55,23.57,38743,9.13,167,31429,81.12
IVC,EQ,11-Jan-2013,23.55,23.50,24.00,23.40,23.55,23.70,23.82,150901,35.95,274,126275,83.68
IVC,EQ,14-Jan-2013,23.70,23.95,23.95,23.50,23.55,23.60,23.62,35030,8.27,144,24310,69.40
IVC,EQ,15-Jan-2013,23.60,23.50,24.00,23.45,23.55,23.60,23.72,303205,71.92,741,144759,47.74
IVC,EQ,16-Jan-2013,23.60,23.80,23.90,23.40,23.50,23.50,23.66,139661,33.05,432,69189,49.54
IVC,EQ,17-Jan-2013,23.50,23.85,23.85,23.20,23.30,23.30,23.41,76210,17.84,412,67741,88.89
IVC,EQ,18-Jan-2013,23.30,23.50,23.75,23.25,23.55,23.60,23.58,180539,42.58,411,152491,84.46
IVC,EQ,21-Jan-2013,23.60,23.60,23.85,23.35,23.65,23.55,23.68,116102,27.49,315,95694,82.42
IVC,EQ,22-Jan-2013,23.55,23.50,23.75,23.20,23.40,23.25,23.47,135335,31.76,543,114120,84.32
IVC,EQ,23-Jan-2013,23.25,23.80,24.20,23.40,23.50,23.50,23.56,291447,68.67,750,224146,76.91
IVC,EQ,24-Jan-2013,23.50,23.85,24.00,22.95,23.05,23.15,23.51,747414,175.74,2144,345622,46.24
IVC,EQ,25-Jan-2013,23.15,23.05,23.45,22.90,23.15,23.20,23.11,184989,42.75,427,147177,79.56
IVC,EQ,28-Jan-2013,23.20,23.40,23.40,22.80,23.00,22.95,23.00,250085,57.53,547,180655,72.24
IVC,EQ,29-Jan-2013,22.95,23.25,23.25,22.85,23.00,23.00,22.98,95604,21.97,313,87455,91.48
IVC,EQ,30-Jan-2013,23.00,23.20,23.20,22.80,23.00,22.90,22.92,44111,10.11,160,41001,92.95
IVC,EQ,31-Jan-2013,22.90,22.90,23.00,22.75,23.00,22.95,22.93,114284,26.20,179,109098,95.46
IVC,EQ,01-Feb-2013,22.95,23.05,23.05,22.60,22.65,22.75,22.74,102481,23.31,395,96134,93.81
IVC,EQ,04-Feb-2013,22.75,22.80,23.00,22.60,22.65,22.65,22.80,55770,12.71,186,38951,69.84
IVC,EQ,05-Feb-2013,22.65,22.50,22.90,21.20,22.40,22.35,22.43,89771,20.13,589,78507,87.45
IVC,EQ,06-Feb-2013,22.35,22.65,22.65,22.15,22.30,22.30,22.32,24235,5.41,209,16943,69.91
IVC,EQ,07-Feb-2013,22.30,22.15,22.60,22.15,22.30,22.25,22.35,20461,4.57,141,17028,83.22
IVC,EQ,08-Feb-2013,22.25,22.50,22.50,22.20,22.25,22.35,22.34,48163,10.76,184,33281,69.10
IVC,EQ,11-Feb-2013,22.35,22.25,22.55,22.25,22.55,22.50,22.45,24589,5.52,145,19706,80.14
IVC,EQ,12-Feb-2013,22.50,22.50,22.65,22.20,22.40,22.30,22.36,42314,9.46,115,38415,90.79
IVC,EQ,13-Feb-2013,22.30,22.50,22.60,22.15,22.15,22.20,22.30,27733,6.18,106,22539,81.27
IVC,EQ,14-Feb-2013,22.20,22.15,22.45,21.70,21.95,21.85,21.89,65573,14.36,308,56983,86.90
IVC,EQ,15-Feb-2013,21.85,21.80,22.60,21.50,21.60,21.65,21.70,30507,6.62,169,24421,80.05
IVC,EQ,18-Feb-2013,21.65,22.15,22.20,21.40,21.50,21.50,21.73,55699,12.11,237,45770,82.17
IVC,EQ,19-Feb-2013,21.50,21.50,21.80,21.30,21.80,21.70,21.57,25373,5.47,127,20312,80.05
IVC,EQ,20-Feb-2013,21.70,21.85,22.45,21.70,21.90,21.95,22.13,74520,16.49,304,49308,66.17
IVC,EQ,21-Feb-2013,21.95,21.95,22.15,21.70,21.75,21.75,21.85,38370,8.38,200,28310,73.78
IVC,EQ,22-Feb-2013,21.75,21.75,22.50,21.70,22.45,22.40,22.29,64530,14.39,210,56095,86.93
IVC,EQ,25-Feb-2013,22.40,22.00,22.50,21.70,21.70,21.80,22.10,71879,15.88,235,60791,84.57
IVC,EQ,26-Feb-2013,21.80,21.80,21.80,20.90,20.95,20.95,21.16,73578,15.57,242,68254,92.76
IVC,EQ,27-Feb-2013,20.95,21.05,21.90,21.00,21.70,21.45,21.29,41743,8.89,264,31902,76.42
IVC,EQ,28-Feb-2013,21.45,21.40,22.25,20.80,21.70,21.85,21.86,83231,18.20,370,63227,75.97
IVC,EQ,01-Mar-2013,21.85,21.40,22.40,21.40,22.40,22.25,22.06,57360,12.65,148,45687,79.65
IVC,EQ,04-Mar-2013,22.25,22.00,22.35,21.55,22.35,22.15,21.99,109130,24.00,298,78537,71.97
IVC,EQ,05-Mar-2013,22.15,22.00,22.25,21.50,21.60,21.60,21.87,82033,17.94,216,51776,63.12
IVC,EQ,06-Mar-2013,21.60,22.30,22.30,21.50,21.70,21.65,21.66,26079,5.65,105,23093,88.55
IVC,EQ,07-Mar-2013,21.65,21.60,21.80,20.95,21.40,21.45,21.41,48772,10.44,370,30862,63.28
IVC,EQ,08-Mar-2013,21.45,21.65,21.80,20.90,21.05,21.05,21.25,53182,11.30,386,41574,78.17
IVC,EQ,11-Mar-2013,21.05,21.50,21.60,20.85,21.45,21.50,21.22,45113,9.57,284,31636,70.13
IVC,EQ,12-Mar-2013,21.50,21.25,21.90,21.05,21.30,21.35,21.33,22973,4.90,145,18692,81.37
IVC,EQ,13-Mar-2013,21.35,21.10,21.70,21.05,21.35,21.25,21.23,44257,9.39,163,32912,74.37
IVC,EQ,14-Mar-2013,21.25,21.25,21.70,20.90,21.45,21.45,21.36,65709,14.04,224,47523,72.32
IVC,EQ,15-Mar-2013,21.45,21.20,21.55,21.20,21.40,21.40,21.40,17428,3.73,119,12864,73.81
IVC,EQ,18-Mar-2013,21.40,21.40,21.50,21.00,21.00,21.10,21.37,156685,33.49,226,152120,97.09
IVC,EQ,19-Mar-2013,21.10,21.05,21.50,20.95,21.00,21.00,21.13,37039,7.83,183,28016,75.64
IVC,EQ,20-Mar-2013,21.00,20.85,21.00,20.10,20.60,20.40,20.58,54651,11.25,582,33556,61.40
IVC,EQ,21-Mar-2013,20.40,20.25,20.95,20.05,20.25,20.15,20.47,42470,8.69,188,31866,75.03
IVC,EQ,22-Mar-2013,20.15,20.20,20.45,19.80,19.80,19.90,20.07,38670,7.76,205,29514,76.32
IVC,EQ,25-Mar-2013,19.90,20.00,20.00,19.10,19.15,19.40,19.74,120284,23.74,407,104901,87.21
IVC,EQ,26-Mar-2013,19.40,19.55,20.00,19.05,20.00,19.95,19.55,94668,18.50,156,75914,80.19
IVC,EQ,28-Mar-2013,19.95,20.05,20.05,19.50,20.00,20.00,19.92,138925,27.68,209,123552,88.93
IVC,EQ,01-Apr-2013,20.00,20.00,20.30,19.80,19.90,19.95,19.98,88076,17.59,108,86169,97.83
IVC,EQ,02-Apr-2013,19.95,20.00,20.00,19.80,19.95,19.95,19.94,56522,11.27,149,52251,92.44
IVC,EQ,03-Apr-2013,19.95,20.50,20.65,19.95,20.10,20.30,20.11,113972,22.92,303,99760,87.53
IVC,EQ,04-Apr-2013,20.30,19.75,20.50,19.75,19.90,19.95,20.00,40815,8.16,204,33209,81.36
IVC,EQ,05-Apr-2013,19.95,19.70,20.40,19.70,19.95,19.95,19.98,40791,8.15,139,37023,90.76
IVC,EQ,08-Apr-2013,19.95,20.45,20.55,19.85,19.95,19.90,19.95,42281,8.44,152,36570,86.49
IVC,EQ,09-Apr-2013,19.90,19.95,20.00,19.70,19.80,19.75,19.85,32760,6.50,96,29226,89.21
IVC,EQ,10-Apr-2013,19.75,19.85,19.95,19.70,19.70,19.75,19.77,26778,5.29,64,25834,96.47
IVC,EQ,11-Apr-2013,19.75,19.70,20.25,19.60,19.85,19.85,19.92,14317,2.85,71,11138,77.80
IVC,EQ,12-Apr-2013,19.85,19.60,20.30,19.60,20.30,19.95,19.92,29143,5.80,107,23418,80.36
IVC,EQ,15-Apr-2013,19.95,20.00,21.50,20.00,21.15,21.40,20.85,217661,45.38,725,173836,79.87
IVC,EQ,16-Apr-2013,21.40,21.75,21.90,21.10,21.10,21.15,21.55,97121,20.93,315,84407,86.91
IVC,EQ,17-Apr-2013,21.15,21.10,21.60,20.75,20.90,20.90,21.00,27836,5.84,318,19534,70.18
IVC,EQ,18-Apr-2013,20.90,21.45,21.50,20.70,21.00,21.00,20.96,218293,45.74,275,209785,96.10
IVC,EQ,22-Apr-2013,21.00,21.20,22.00,20.75,21.65,21.55,21.48,93522,20.09,335,75256,80.47
IVC,EQ,23-Apr-2013,21.55,21.70,21.90,21.20,21.60,21.70,21.53,31890,6.87,160,27199,85.29
IVC,EQ,25-Apr-2013,21.70,21.90,21.90,21.30,21.40,21.45,21.48,46523,9.99,144,42152,90.60
IVC,EQ,26-Apr-2013,21.45,21.35,21.40,20.55,21.00,21.00,20.94,45867,9.61,240,37683,82.16
IVC,EQ,29-Apr-2013,21.00,21.00,21.30,20.90,21.15,21.15,21.19,29396,6.23,76,28021,95.32
IVC,EQ,30-Apr-2013,21.15,21.15,21.50,21.15,21.35,21.35,21.33,69378,14.80,250,67299,97.00
IVC,EQ,02-May-2013,21.35,21.50,22.50,21.50,21.95,21.95,22.08,112537,24.85,521,97246,86.41
IVC,EQ,03-May-2013,21.95,22.00,22.25,21.50,21.60,21.65,21.52,577197,124.23,314,568027,98.41
IVC,EQ,06-May-2013,21.65,22.75,22.75,21.50,21.95,21.75,21.59,154008,33.25,238,139679,90.70
IVC,EQ,07-May-2013,21.75,21.90,22.15,21.70,22.00,21.85,21.93,60086,13.18,187,44371,73.85
IVC,EQ,08-May-2013,21.85,22.20,22.20,21.60,21.70,21.65,21.74,28186,6.13,114,24088,85.46
IVC,EQ,09-May-2013,21.65,21.60,21.85,21.55,21.65,21.60,21.63,27174,5.88,122,21133,77.77
IVC,EQ,10-May-2013,21.60,21.55,21.85,21.30,21.45,21.40,21.45,31877,6.84,155,23844,74.80
IVC,EQ,11-May-2013,21.40,21.65,21.65,21.40,21.65,21.50,21.51,4755,1.02,46,3664,77.06
IVC,EQ,13-May-2013,21.50,21.50,21.80,21.35,21.40,21.40,21.52,75327,16.21,235,68965,91.55
IVC,EQ,14-May-2013,21.40,21.50,21.50,21.00,21.20,21.30,21.22,51323,10.89,201,45919,89.47
IVC,EQ,15-May-2013,21.30,21.00,21.75,21.00,21.30,21.35,21.32,39503,8.42,217,32362,81.92
IVC,EQ,16-May-2013,21.35,21.40,21.40,20.85,21.05,21.10,21.10,84322,17.79,351,64092,76.01
IVC,EQ,17-May-2013,21.10,21.15,22.00,21.00,21.50,21.50,21.39,46050,9.85,185,36555,79.38
IVC,EQ,20-May-2013,21.50,21.65,21.80,21.20,21.65,21.50,21.47,48027,10.31,190,43160,89.87
IVC,EQ,21-May-2013,21.50,21.80,21.90,21.10,21.20,21.20,21.34,57745,12.32,200,51465,89.12
IVC,EQ,22-May-2013,21.20,21.10,21.35,21.00,21.20,21.10,21.11,47863,10.10,155,40178,83.94
IVC,EQ,23-May-2013,21.10,21.10,21.20,20.75,20.95,20.85,20.93,53679,11.23,226,43801,81.60
IVC,EQ,24-May-2013,20.85,21.40,21.40,20.75,20.95,20.95,20.90,45941,9.60,188,42625,92.78
IVC,EQ,27-May-2013,20.95,21.15,21.80,20.90,21.40,21.65,21.29,61351,13.06,226,50783,82.77
IVC,EQ,28-May-2013,21.65,21.65,21.65,21.15,21.25,21.20,21.26,22058,4.69,84,20186,91.51
IVC,EQ,29-May-2013,21.20,21.40,21.75,21.20,21.40,21.50,21.41,30374,6.50,112,27504,90.55
IVC,EQ,30-May-2013,21.50,21.20,21.60,21.20,21.60,21.45,21.40,914732,195.74,120,911723,99.67
IVC,EQ,31-May-2013,21.45,21.40,21.75,21.15,21.30,21.25,21.30,672225,143.19,199,664709,98.88
IVC,EQ,03-Jun-2013,21.25,21.25,21.60,21.10,21.50,21.25,21.30,274954,58.57,126,273699,99.54
IVC,EQ,04-Jun-2013,21.25,21.50,21.80,21.15,21.50,21.45,21.26,246855,52.48,177,245610,99.50
IVC,EQ,05-Jun-2013,21.45,21.20,21.70,21.20,21.70,21.50,21.35,214194,45.74,133,209910,98.00
IVC,EQ,06-Jun-2013,21.50,21.65,21.70,21.40,21.65,21.60,21.46,120086,25.77,88,116918,97.36
IVC,EQ,07-Jun-2013,21.60,21.60,21.75,21.45,21.60,21.55,21.60,17501,3.78,123,16051,91.71
IVC,EQ,10-Jun-2013,21.55,21.25,21.75,21.25,21.40,21.45,21.43,40724,8.73,238,36268,89.06
IVC,EQ,11-Jun-2013,21.45,21.50,21.65,21.30,21.60,21.55,21.46,37006,7.94,242,35934,97.10
IVC,EQ,12-Jun-2013,21.55,21.65,21.70,21.45,21.65,21.55,21.56,26449,5.70,162,23600,89.23
IVC,EQ,13-Jun-2013,21.55,21.30,21.50,21.00,21.25,21.30,21.29,42867,9.12,210,37912,88.44
IVC,EQ,14-Jun-2013,21.30,21.50,21.70,21.30,21.50,21.45,21.45,38143,8.18,157,32523,85.27
IVC,EQ,17-Jun-2013,21.45,21.75,21.75,21.20,21.30,21.25,21.47,237502,51.00,183,234869,98.89
IVC,EQ,18-Jun-2013,21.25,21.25,21.50,21.25,21.25,21.25,21.39,35309,7.55,182,31630,89.58
IVC,EQ,19-Jun-2013,21.25,21.50,21.50,21.15,21.15,21.20,21.23,38474,8.17,170,36089,93.80
IVC,EQ,20-Jun-2013,21.20,21.20,21.35,20.95,21.15,21.05,21.18,261948,55.48,206,258274,98.60
IVC,EQ,21-Jun-2013,21.05,21.20,21.40,20.95,20.95,21.00,21.14,340090,71.89,223,328538,96.60
IVC,EQ,24-Jun-2013,21.00,21.20,21.25,20.75,20.95,20.95,21.02,32872,6.91,139,26259,79.88
IVC,EQ,25-Jun-2013,20.95,21.15,21.40,20.75,20.75,20.80,20.99,231243,48.54,126,227230,98.26
IVC,EQ,26-Jun-2013,20.80,21.00,21.05,20.70,21.00,21.00,20.87,293328,61.22,368,285237,97.24
IVC,EQ,27-Jun-2013,21.00,20.90,21.30,20.90,20.95,20.95,21.02,29523,6.20,94,26144,88.55
IVC,EQ,28-Jun-2013,20.95,21.10,21.10,20.90,21.10,21.10,21.02,48034,10.09,154,42121,87.69
IVC,EQ,01-Jul-2013,21.10,21.40,21.70,21.00,21.25,21.25,21.28,85780,18.25,309,66138,77.10
IVC,EQ,02-Jul-2013,21.25,21.45,21.45,21.00,21.20,21.10,21.19,99034,20.99,409,83201,84.01
IVC,EQ,03-Jul-2013,21.10,21.15,21.50,21.00,21.35,21.35,21.31,78355,16.70,160,69324,88.47
IVC,EQ,04-Jul-2013,21.35,21.35,21.35,21.10,21.35,21.35,21.19,42435,8.99,108,37388,88.11
IVC,EQ,05-Jul-2013,21.35,21.35,21.85,21.10,21.80,21.60,21.43,361655,77.51,458,337203,93.24
IVC,EQ,08-Jul-2013,21.60,20.60,20.60,19.25,20.00,19.85,19.75,72007,14.22,463,41734,57.96
IVC,EQ,09-Jul-2013,19.85,19.80,19.80,19.25,19.50,19.55,19.72,299446,59.06,262,287804,96.11
IVC,EQ,10-Jul-2013,19.55,19.40,19.85,19.10,19.85,19.75,19.27,256263,49.38,286,236448,92.27
IVC,EQ,11-Jul-2013,19.75,19.65,20.05,19.65,19.80,19.90,19.89,28873,5.74,86,27475,95.16
IVC,EQ,12-Jul-2013,19.90,20.00,20.05,19.60,19.75,19.80,19.85,323850,64.29,156,322182,99.48
IVC,EQ,15-Jul-2013,19.80,19.80,19.90,19.20,19.25,19.30,19.35,486720,94.16,273,474576,97.50
IVC,EQ,16-Jul-2013,19.30,19.60,19.60,18.90,19.40,19.45,19.24,92485,17.79,506,61040,66.00
IVC,EQ,17-Jul-2013,19.45,19.85,19.85,19.00,19.15,19.10,19.27,65590,12.64,404,40641,61.96
IVC,EQ,18-Jul-2013,19.10,19.05,19.70,18.65,19.35,19.35,19.29,41171,7.94,304,19822,48.15
IVC,EQ,19-Jul-2013,19.35,19.55,19.65,18.75,18.75,19.10,19.19,569575,109.30,352,539465,94.71
IVC,EQ,22-Jul-2013,19.10,19.35,19.40,18.85,19.00,19.05,19.06,583490,111.19,527,547412,93.82
IVC,EQ,23-Jul-2013,19.05,19.50,19.50,18.60,18.60,18.70,18.85,47306,8.92,238,27286,57.68
IVC,EQ,24-Jul-2013,18.70,18.95,19.05,17.90,17.90,18.00,18.57,692641,128.60,375,665466,96.08
IVC,EQ,25-Jul-2013,18.00,17.90,18.00,17.40,17.75,17.90,17.77,63556,11.29,256,53896,84.80
IVC,EQ,26-Jul-2013,17.90,17.80,17.80,17.15,17.75,17.55,17.53,55110,9.66,345,46487,84.35
IVC,EQ,29-Jul-2013,17.55,17.75,17.80,17.20,17.40,17.35,17.42,45375,7.90,237,35258,77.70
IVC,EQ,30-Jul-2013,17.35,17.60,17.65,16.50,16.50,16.75,17.38,758647,131.87,555,716383,94.43
IVC,EQ,31-Jul-2013,16.75,16.75,17.00,15.85,16.90,16.70,16.31,85365,13.93,489,70381,82.45
IVC,EQ,01-Aug-2013,16.70,16.95,17.40,16.65,17.00,17.20,17.10,72469,12.39,294,60022,82.82
IVC,EQ,02-Aug-2013,17.20,17.00,17.45,16.10,16.10,16.35,16.86,126093,21.26,378,114536,90.83
IVC,EQ,05-Aug-2013,16.35,16.80,16.90,15.95,16.00,16.15,16.26,95086,15.46,239,83900,88.24
IVC,EQ,06-Aug-2013,16.15,17.00,17.00,15.10,15.10,15.45,15.78,198479,31.32,456,176591,88.97
IVC,EQ,07-Aug-2013,15.45,15.70,15.70,14.95,15.05,15.10,15.29,116941,17.88,362,98188,83.96
IVC,EQ,08-Aug-2013,15.10,15.10,16.90,15.10,16.30,16.45,15.77,95625,15.08,402,81220,84.94
IVC,EQ,12-Aug-2013,16.45,17.95,17.95,16.30,17.00,16.90,16.88,83428,14.09,440,55441,66.45
IVC,EQ,13-Aug-2013,16.90,17.00,17.10,16.50,16.95,16.95,16.88,33560,5.67,189,27564,82.13
IVC,EQ,14-Aug-2013,16.95,17.00,17.00,16.40,16.70,16.65,16.56,48227,7.99,267,34716,71.98
IVC,EQ,16-Aug-2013,16.65,17.00,17.00,16.30,16.50,16.45,16.63,91452,15.21,147,86744,94.85
IVC,EQ,19-Aug-2013,16.45,16.50,16.50,15.50,15.65,15.65,16.08,101693,16.35,347,91880,90.35
IVC,EQ,20-Aug-2013,15.65,15.95,15.95,15.40,15.95,15.80,15.56,124517,19.38,301,119571,96.03
IVC,EQ,21-Aug-2013,15.80,16.35,17.10,15.60,15.65,15.85,16.47,145730,24.00,422,131439,90.19
IVC,EQ,22-Aug-2013,15.85,16.05,16.75,15.40,15.95,16.00,15.93,39035,6.22,177,33425,85.63
IVC,EQ,23-Aug-2013,16.00,16.10,16.45,15.85,15.90,16.00,16.01,106793,17.10,290,90394,84.64
IVC,EQ,26-Aug-2013,16.00,17.40,17.40,15.80,15.85,15.90,16.01,175778,28.14,347,153136,87.12
IVC,EQ,27-Aug-2013,15.90,16.00,16.00,15.05,15.50,15.60,15.62,56477,8.82,264,44049,77.99
IVC,EQ,28-Aug-2013,15.60,15.40,16.00,14.70,15.05,15.05,14.95,202386,30.26,634,163873,80.97
IVC,EQ,29-Aug-2013,15.05,15.00,15.70,15.00,15.00,15.00,15.13,41581,6.29,223,30992,74.53
IVC,EQ,30-Aug-2013,15.00,15.15,15.85,14.90,15.00,15.00,15.13,51919,7.86,271,32934,63.43
IVC,EQ,02-Sep-2013,15.00,15.60,15.60,14.95,15.00,15.00,15.06,67460,10.16,200,62015,91.93
IVC,EQ,03-Sep-2013,15.00,15.45,15.45,14.75,14.85,14.85,14.96,56930,8.52,142,51393,90.27
IVC,EQ,04-Sep-2013,14.85,14.75,15.25,13.35,14.15,14.25,14.53,130703,19.00,467,95235,72.86
IVC,EQ,05-Sep-2013,14.25,14.45,15.10,14.45,15.00,14.90,14.82,88519,13.12,290,67940,76.75
IVC,EQ,06-Sep-2013,14.90,14.70,15.65,14.05,14.35,14.30,14.67,113067,16.59,514,78834,69.72
IVC,EQ,10-Sep-2013,14.30,15.05,15.05,14.50,14.95,14.85,14.82,71782,10.64,300,54731,76.25
IVC,EQ,11-Sep-2013,14.85,15.00,15.45,14.75,15.45,14.90,14.90,149868,22.33,434,116305,77.60
IVC,EQ,12-Sep-2013,14.90,15.25,15.25,14.80,14.85,14.85,15.03,116628,17.52,281,94116,80.70
IVC,EQ,13-Sep-2013,14.85,15.10,15.10,14.85,15.00,14.95,14.98,40235,6.03,121,35582,88.44
IVC,EQ,16-Sep-2013,14.95,15.00,15.40,14.70,14.85,14.85,14.93,75378,11.25,160,61467,81.55
IVC,EQ,17-Sep-2013,14.85,15.00,15.05,14.80,14.85,14.90,14.92,41783,6.23,103,39699,95.01
IVC,EQ,18-Sep-2013,14.90,14.90,17.85,14.90,16.60,16.60,16.54,594095,98.25,1241,468769,78.90
IVC,EQ,19-Sep-2013,16.60,16.65,17.45,16.15,16.40,16.50,16.46,226648,37.30,639,173673,76.63
IVC,EQ,20-Sep-2013,16.50,16.50,16.55,15.30,16.00,16.00,16.21,348331,56.45,838,286045,82.12
IVC,EQ,23-Sep-2013,16.00,15.80,16.00,15.25,15.40,15.35,15.69,55889,8.77,199,47888,85.68
IVC,EQ,24-Sep-2013,15.35,15.60,15.95,14.95,15.10,15.10,15.30,110241,16.87,522,80978,73.46
IVC,EQ,25-Sep-2013,15.10,15.45,15.70,15.10,15.30,15.40,15.37,86050,13.23,257,67136,78.02
IVC,EQ,26-Sep-2013,15.40,15.40,15.45,14.90,15.10,15.35,15.31,55466,8.49,236,36599,65.98
IVC,EQ,27-Sep-2013,15.35,15.15,15.40,15.15,15.40,15.30,15.24,21675,3.30,95,15775,72.78
IVC,EQ,30-Sep-2013,15.30,15.10,15.15,14.00,15.00,14.90,14.77,62060,9.16,220,43147,69.52
IVC,EQ,01-Oct-2013,14.90,14.95,15.70,14.85,14.95,14.95,15.08,131092,19.77,713,117484,89.62
IVC,EQ,03-Oct-2013,14.95,15.40,15.60,14.95,15.45,15.45,15.19,100071,15.20,389,84584,84.52
IVC,EQ,04-Oct-2013,15.45,15.35,15.35,15.00,15.05,15.10,15.09,57703,8.71,115,52193,90.45
IVC,EQ,07-Oct-2013,15.10,15.30,15.70,15.00,15.20,15.35,15.29,53625,8.20,242,39873,74.36
IVC,EQ,08-Oct-2013,15.35,15.05,15.80,15.05,15.50,15.40,15.32,24098,3.69,101,19837,82.32
IVC,EQ,09-Oct-2013,15.40,15.50,15.80,15.15,15.50,15.45,15.50,119882,18.58,244,105709,88.18
IVC,EQ,10-Oct-2013,15.45,15.50,15.50,15.30,15.40,15.45,15.45,51405,7.94,130,45962,89.41
IVC,EQ,11-Oct-2013,15.45,15.30,15.60,15.30,15.50,15.35,15.48,90976,14.08,236,87508,96.19
IVC,EQ,14-Oct-2013,15.35,15.35,16.45,15.30,16.35,16.30,15.81,258741,40.90,522,209402,80.93
IVC,EQ,15-Oct-2013,16.30,16.15,18.40,15.95,17.65,17.95,17.27,721293,124.57,1595,563766,78.16
IVC,EQ,17-Oct-2013,17.95,18.10,18.15,16.80,17.10,16.90,17.33,96603,16.74,397,80610,83.44
IVC,EQ,18-Oct-2013,16.90,17.00,17.35,16.75,16.85,16.80,16.89,74502,12.58,253,56106,75.31
IVC,EQ,21-Oct-2013,16.80,17.25,17.40,16.85,17.40,17.20,17.16,75545,12.96,212,55003,72.81
IVC,EQ,22-Oct-2013,17.20,17.30,19.30,17.10,18.25,18.45,18.36,759808,139.53,1832,635438,83.63
IVC,EQ,23-Oct-2013,18.45,18.25,18.50,17.70,17.75,17.95,17.98,159184,28.63,388,132709,83.37
IVC,EQ,24-Oct-2013,17.95,17.80,18.30,17.60,17.75,17.75,18.01,46160,8.31,328,37136,80.45
IVC,EQ,25-Oct-2013,17.75,17.75,19.00,17.05,18.80,18.65,18.33,579139,106.18,1919,343116,59.25
IVC,EQ,28-Oct-2013,18.65,19.20,19.45,18.10,18.50,18.35,18.84,134175,25.28,648,87203,64.99
IVC,EQ,29-Oct-2013,18.35,18.25,18.60,17.90,18.05,18.05,18.10,117037,21.18,525,90667,77.47
IVC,EQ,30-Oct-2013,18.05,18.10,18.55,17.95,18.20,18.10,18.09,66226,11.98,297,49569,74.85
IVC,EQ,31-Oct-2013,18.10,18.50,19.15,18.10,19.10,18.80,18.54,103338,19.16,422,80419,77.82
IVC,EQ,01-Nov-2013,18.80,18.75,19.95,18.50,18.70,19.30,19.24,392984,75.59,1473,217439,55.33
IVC,EQ,03-Nov-2013,19.30,19.55,19.55,19.00,19.50,19.45,19.34,161119,31.17,539,138215,85.78
IVC,EQ,05-Nov-2013,19.45,19.50,20.55,19.50,20.45,20.35,20.20,266332,53.79,1142,188380,70.73
IVC,EQ,06-Nov-2013,20.35,20.35,20.90,19.70,20.30,20.40,20.37,183502,37.38,895,125740,68.52
IVC,EQ,07-Nov-2013,20.40,20.50,20.80,20.00,20.00,20.00,20.32,124632,25.33,534,82423,66.13
IVC,EQ,08-Nov-2013,20.00,19.80,20.45,19.30,19.75,19.75,19.91,107779,21.46,325,92770,86.07
IVC,EQ,11-Nov-2013,19.75,18.55,20.10,18.55,19.45,19.45,19.76,152542,30.14,555,123636,81.05
IVC,EQ,12-Nov-2013,19.45,19.50,20.10,19.20,19.20,19.45,19.70,88964,17.52,369,54357,61.10
IVC,EQ,13-Nov-2013,19.45,19.50,19.80,19.05,19.30,19.30,19.26,39879,7.68,264,23787,59.65
IVC,EQ,14-Nov-2013,19.30,19.50,19.65,18.80,19.00,18.90,19.09,92361,17.63,365,59090,63.98
IVC,EQ,18-Nov-2013,18.90,19.25,19.40,18.75,19.05,19.10,19.01,61941,11.77,240,44453,71.77
IVC,EQ,19-Nov-2013,19.10,19.60,19.65,18.95,19.25,19.20,19.16,56230,10.77,232,33346,59.30
IVC,EQ,20-Nov-2013,19.20,19.10,19.45,19.10,19.45,19.40,19.30,52898,10.21,198,36795,69.56
IVC,EQ,21-Nov-2013,19.40,19.40,19.55,19.00,19.35,19.25,19.21,83747,16.08,274,62567,74.71
IVC,EQ,22-Nov-2013,19.25,19.60,20.85,19.00,19.20,19.20,19.45,161631,31.44,461,90688,56.11
IVC,EQ,25-Nov-2013,19.20,19.35,19.55,19.15,19.35,19.30,19.33,40444,7.82,172,30896,76.39
IVC,EQ,26-Nov-2013,19.30,19.30,19.40,18.95,19.15,19.00,19.11,196184,37.49,350,180572,92.04
IVC,EQ,27-Nov-2013,19.00,19.20,19.25,18.60,18.75,18.75,18.85,144519,27.24,578,116417,80.55
IVC,EQ,28-Nov-2013,18.75,19.00,19.20,18.50,18.80,18.85,18.72,49221,9.22,248,32181,65.38
IVC,EQ,29-Nov-2013,18.85,18.70,19.90,18.70,19.80,19.60,19.40,173796,33.71,407,145389,83.65
IVC,EQ,02-Dec-2013,19.60,20.00,20.00,19.60,19.75,19.75,19.81,71150,14.09,596,55929,78.61
IVC,EQ,03-Dec-2013,19.75,19.65,19.90,19.40,19.55,19.55,19.56,90815,17.76,366,74693,82.25
IVC,EQ,04-Dec-2013,19.55,19.55,19.85,19.50,19.60,19.70,19.71,129631,25.55,979,112940,87.12
IVC,EQ,05-Dec-2013,19.70,19.90,19.95,19.70,19.80,19.75,19.83,47222,9.36,118,40532,85.83
IVC,EQ,06-Dec-2013,19.75,19.65,19.95,19.45,19.50,19.55,19.66,82530,16.23,204,70370,85.27
IVC,EQ,09-Dec-2013,19.55,19.65,19.70,19.35,19.40,19.45,19.50,157493,30.70,223,135397,85.97
IVC,EQ,10-Dec-2013,19.45,19.40,19.50,18.95,18.95,19.00,19.17,60663,11.63,241,40847,67.33
IVC,EQ,11-Dec-2013,19.00,19.30,19.30,18.75,19.00,18.95,18.96,57666,10.94,117,51448,89.22
IVC,EQ,12-Dec-2013,18.95,19.00,19.00,18.50,18.50,18.55,18.73,112670,21.10,243,106085,94.16
IVC,EQ,13-Dec-2013,18.55,18.80,18.80,18.20,18.35,18.35,18.46,95804,17.69,474,76841,80.21
IVC,EQ,16-Dec-2013,18.35,18.35,18.75,18.05,18.50,18.60,18.44,173761,32.05,250,154338,88.82
IVC,EQ,17-Dec-2013,18.60,18.60,18.65,18.25,18.50,18.50,18.49,239901,44.36,198,229650,95.73
IVC,EQ,18-Dec-2013,18.50,19.00,19.40,18.50,18.65,18.65,18.78,238736,44.83,335,214171,89.71
IVC,EQ,19-Dec-2013,18.65,19.00,19.00,18.70,18.80,18.85,18.81,179748,33.82,702,159177,88.56
IVC,EQ,20-Dec-2013,18.85,19.00,19.80,18.90,19.45,19.45,19.51,258724,50.49,699,214671,82.97
IVC,EQ,23-Dec-2013,19.45,19.95,20.00,19.70,19.85,19.80,19.83,187844,37.25,504,177042,94.25
IVC,EQ,24-Dec-2013,19.80,20.20,20.20,19.70,19.70,19.75,19.83,1782767,353.61,570,1706694,95.73
IVC,EQ,26-Dec-2013,19.75,13.95,13.95,13.20,13.35,13.30,13.39,513764,68.81,1025,427455,83.20
IVC,EQ,27-Dec-2013,13.30,13.50,13.50,12.75,12.95,12.85,13.10,172878,22.66,533,145020,83.89
IVC,EQ,30-Dec-2013,12.85,13.10,13.20,12.75,12.85,12.85,12.97,137798,17.87,355,91200,66.18
IVC,EQ,31-Dec-2013,12.85,13.10,13.10,12.60,12.80,12.80,12.83,112153,14.39,502,78294,69.81
IVC,EQ,01-Jan-2014,12.80,12.75,12.95,12.60,12.70,12.75,12.71,179144,22.77,734,126878,70.82
IVC,EQ,02-Jan-2014,12.75,12.85,13.00,12.70,12.75,12.75,12.91,242557,31.31,446,176118,72.61
IVC,EQ,03-Jan-2014,12.75,12.75,12.95,12.50,12.95,12.90,12.75,214860,27.39,453,157661,73.38
IVC,EQ,06-Jan-2014,12.90,12.80,12.95,12.65,12.70,12.75,12.80,91969,11.78,259,58463,63.57
IVC,EQ,07-Jan-2014,12.75,12.75,12.85,12.60,12.60,12.65,12.71,118314,15.04,220,96354,81.44
IVC,EQ,08-Jan-2014,12.65,12.65,12.90,12.50,12.75,12.80,12.69,125378,15.92,407,81775,65.22
IVC,EQ,09-Jan-2014,12.80,13.40,13.40,12.60,12.75,12.75,12.76,84267,10.75,179,54539,64.72
IVC,EQ,10-Jan-2014,12.75,12.75,12.90,12.55,12.70,12.65,12.66,90151,11.42,226,72772,80.72
IVC,EQ,13-Jan-2014,12.65,12.85,12.85,12.60,12.60,12.65,12.67,134344,17.02,363,107312,79.88
IVC,EQ,14-Jan-2014,12.65,12.95,12.95,12.50,12.50,12.55,12.61,592886,74.75,378,559592,94.38
IVC,EQ,15-Jan-2014,12.55,12.55,12.80,12.55,12.75,12.65,12.61,74114,9.35,177,47312,63.84
IVC,EQ,16-Jan-2014,12.65,12.65,12.70,12.50,12.55,12.55,12.59,75102,9.46,190,59769,79.58
IVC,EQ,17-Jan-2014,12.55,12.55,13.05,12.55,13.05,12.80,12.68,133671,16.96,298,93803,70.17
IVC,EQ,20-Jan-2014,12.80,13.40,13.40,12.70,12.80,12.80,12.80,83497,10.69,239,69572,83.32
IVC,EQ,21-Jan-2014,12.80,12.90,12.95,12.70,12.80,12.75,12.80,112812,14.44,165,103055,91.35
IVC,EQ,22-Jan-2014,12.75,12.85,12.85,12.55,12.65,12.70,12.62,81341,10.27,228,53747,66.08
IVC,EQ,23-Jan-2014,12.70,12.65,12.70,12.60,12.70,12.70,12.66,69892,8.85,167,41309,59.10
IVC,EQ,24-Jan-2014,12.70,12.80,12.90,12.50,12.60,12.55,12.65,77392,9.79,202,54434,70.34
IVC,EQ,27-Jan-2014,12.55,12.60,12.60,12.30,12.30,12.35,12.45,76075,9.47,206,40970,53.85
IVC,EQ,28-Jan-2014,12.35,12.35,12.55,12.35,12.45,12.35,12.39,46232,5.73,103,35715,77.25
IVC,EQ,29-Jan-2014,12.35,12.50,13.00,12.50,12.75,12.55,12.66,172245,21.81,304,89787,52.13
IVC,EQ,30-Jan-2014,12.55,12.45,12.50,12.35,12.35,12.40,12.40,37331,4.63,122,28184,75.50
IVC,EQ,31-Jan-2014,12.40,12.50,12.80,12.25,12.80,12.50,12.43,171486,21.32,353,102847,59.97
IVC,EQ,03-Feb-2014,12.50,12.50,12.70,12.35,12.45,12.45,12.53,187267,23.47,568,171589,91.63
IVC,EQ,04-Feb-2014,12.45,12.50,12.70,12.35,12.45,12.45,12.44,76122,9.47,136,60256,79.16
IVC,EQ,05-Feb-2014,12.45,12.60,12.60,12.45,12.50,12.50,12.53,31221,3.91,89,22646,72.53
IVC,EQ,06-Feb-2014,12.50,12.55,12.75,12.50,12.55,12.55,12.61,118337,14.92,138,91996,77.74
IVC,EQ,07-Feb-2014,12.55,12.50,12.70,12.50,12.50,12.50,12.54,86826,10.89,167,78863,90.83
IVC,EQ,10-Feb-2014,12.50,12.60,12.70,12.45,12.45,12.45,12.58,130370,16.39,183,85359,65.47
IVC,EQ,11-Feb-2014,12.45,12.50,12.55,12.45,12.55,12.50,12.51,56187,7.03,148,49252,87.66
IVC,EQ,12-Feb-2014,12.50,12.50,12.55,12.50,12.50,12.50,12.51,26398,3.30,58,26254,99.45
IVC,EQ,13-Feb-2014,12.50,12.50,12.70,12.50,12.50,12.60,12.59,135825,17.10,145,119443,87.94
IVC,EQ,14-Feb-2014,12.60,12.55,12.65,12.50,12.50,12.50,12.53,19030,2.38,90,15160,79.66
IVC,EQ,17-Feb-2014,12.50,12.50,12.65,12.15,12.45,12.30,12.44,163874,20.38,252,115611,70.55
IVC,EQ,18-Feb-2014,12.30,12.55,12.55,12.20,12.20,12.25,12.40,132366,16.41,233,116057,87.68
IVC,EQ,19-Feb-2014,12.25,12.35,12.45,12.25,12.30,12.25,12.34,47835,5.90,176,37736,78.89
IVC,EQ,20-Feb-2014,12.25,12.30,12.35,12.05,12.25,12.15,12.16,104550,12.71,164,66679,63.78
IVC,EQ,21-Feb-2014,12.15,12.10,12.30,11.85,11.95,11.90,12.04,95754,11.53,230,83156,86.84
IVC,EQ,24-Feb-2014,11.90,11.90,12.00,11.75,12.00,11.95,11.90,69628,8.29,150,63977,91.88
IVC,EQ,25-Feb-2014,11.95,11.95,12.00,11.90,12.00,12.00,11.99,157130,18.85,103,150121,95.54
IVC,EQ,26-Feb-2014,12.00,11.90,12.25,11.65,11.95,11.95,11.89,84030,9.99,199,65011,77.37
IVC,EQ,28-Feb-2014,11.95,12.00,12.00,11.90,12.00,12.00,11.99,107315,12.87,100,104515,97.39
IVC,EQ,03-Mar-2014,12.00,12.00,12.00,11.85,11.90,11.85,11.95,194469,23.24,242,172977,88.95
IVC,EQ,04-Mar-2014,11.85,12.10,12.15,11.80,11.95,11.95,12.02,91304,10.97,175,65870,72.14
IVC,EQ,05-Mar-2014,11.95,12.30,12.40,11.85,11.95,12.00,11.96,110143,13.17,273,98230,89.18
IVC,EQ,06-Mar-2014,12.00,11.95,12.25,11.85,12.00,12.00,11.99,373843,44.83,263,346508,92.69
IVC,EQ,07-Mar-2014,12.00,11.95,12.75,11.95,12.60,12.60,12.44,189388,23.56,579,163716,86.44
IVC,EQ,10-Mar-2014,12.60,12.65,13.45,12.65,13.10,13.15,13.21,495479,65.46,999,402863,81.31
IVC,EQ,11-Mar-2014,13.15,12.90,13.25,12.65,12.80,12.75,12.90,256865,33.12,588,177419,69.07
IVC,EQ,12-Mar-2014,12.75,12.60,12.85,12.40,12.50,12.45,12.55,187950,23.59,455,124715,66.36
IVC,EQ,13-Mar-2014,12.45,12.45,12.70,12.45,12.60,12.60,12.56,160380,20.14,399,118908,74.14
IVC,EQ,14-Mar-2014,12.60,12.20,12.50,12.20,12.35,12.35,12.31,206495,25.42,295,171101,82.86
IVC,EQ,18-Mar-2014,12.35,12.50,12.75,11.80,12.50,12.50,12.43,118224,14.69,369,95454,80.74
IVC,EQ,19-Mar-2014,12.50,12.70,12.90,12.55,12.65,12.70,12.77,150381,19.21,346,102021,67.84
IVC,EQ,20-Mar-2014,12.70,12.65,12.90,12.55,12.60,12.60,12.73,151138,19.23,207,101015,66.84
IVC,EQ,21-Mar-2014,12.60,12.60,12.65,12.40,12.50,12.50,12.53,324908,40.71,140,313955,96.63
IVC,EQ,22-Mar-2014,12.50,12.60,12.60,12.40,12.50,12.50,12.46,5195,0.65,29,4345,83.64
IVC,EQ,24-Mar-2014,12.50,12.55,12.80,12.30,12.50,12.50,12.59,157494,19.83,217,121101,76.89
IVC,EQ,25-Mar-2014,12.50,12.45,12.60,12.25,12.25,12.30,12.41,101947,12.65,269,93750,91.96
IVC,EQ,26-Mar-2014,12.30,12.30,12.55,12.00,12.25,12.35,12.17,577354,70.26,372,545927,94.56
IVC,EQ,27-Mar-2014,12.35,12.50,12.50,12.20,12.20,12.25,12.29,136156,16.73,668,129703,95.26
IVC,EQ,28-Mar-2014,12.25,12.50,12.50,12.20,12.30,12.30,12.28,164126,20.15,179,132149,80.52
IVC,EQ,31-Mar-2014,12.30,12.30,12.50,12.25,12.30,12.30,12.39,313229,38.81,230,299474,95.61
IVC,EQ,01-Apr-2014,12.30,12.50,12.50,12.00,12.40,12.35,12.28,348932,42.86,529,272702,78.15
IVC,EQ,02-Apr-2014,12.35,12.35,13.05,12.25,13.00,12.90,12.86,1345854,173.03,535,1264480,93.95
IVC,EQ,03-Apr-2014,12.90,13.05,14.00,13.00,13.45,13.45,13.58,981955,133.35,1054,832737,84.80
IVC,EQ,04-Apr-2014,13.45,13.50,14.55,13.40,14.20,14.30,13.93,1214416,169.15,1095,1080100,88.94
IVC,EQ,07-Apr-2014,14.30,14.50,14.85,13.85,14.25,14.30,14.23,493030,70.18,598,421074,85.41
IVC,EQ,09-Apr-2014,14.30,14.50,14.50,13.75,13.90,14.00,13.97,667037,93.17,683,551736,82.71
IVC,EQ,10-Apr-2014,14.00,14.00,14.25,13.60,13.70,13.70,13.89,374516,52.00,674,295117,78.80
IVC,EQ,11-Apr-2014,13.70,13.75,14.35,13.65,14.25,14.25,14.08,344028,48.44,468,195901,56.94
IVC,EQ,15-Apr-2014,14.25,13.90,14.50,13.65,13.65,13.75,13.90,255804,35.56,375,227574,88.96
IVC,EQ,16-Apr-2014,13.75,14.00,14.00,13.40,13.40,13.50,13.65,236333,32.26,362,195298,82.64
IVC,EQ,17-Apr-2014,13.50,13.30,13.80,13.25,13.55,13.60,13.63,369867,50.41,361,320791,86.73
IVC,EQ,21-Apr-2014,13.60,13.90,13.90,13.50,13.80,13.70,13.66,428384,58.50,361,385085,89.89
IVC,EQ,22-Apr-2014,13.70,13.90,14.35,13.70,14.15,14.05,14.05,404610,56.86,744,320137,79.12
IVC,EQ,23-Apr-2014,14.05,14.10,14.60,13.95,13.95,14.00,14.29,492897,70.46,570,422987,85.82
IVC,EQ,25-Apr-2014,14.00,14.00,14.45,13.90,14.00,13.95,14.16,319997,45.33,559,223095,69.72
IVC,EQ,28-Apr-2014,13.95,13.80,14.20,13.80,13.95,13.95,14.00,282162,39.49,318,239278,84.80
IVC,EQ,29-Apr-2014,13.95,14.10,14.10,13.85,14.00,13.95,14.00,340965,47.72,188,293265,86.01
IVC,EQ,30-Apr-2014,13.95,14.20,14.30,13.55,13.65,13.60,13.82,713755,98.61,653,642875,90.07
IVC,EQ,02-May-2014,13.60,13.95,14.00,13.50,13.70,13.70,13.80,569775,78.63,563,391006,68.62
IVC,EQ,05-May-2014,13.70,14.30,14.30,13.35,14.15,13.80,13.77,1243085,171.18,1407,876005,70.47
IVC,EQ,06-May-2014,13.80,14.60,14.80,13.80,14.05,14.00,14.23,1556457,221.44,1832,999834,64.24
IVC,EQ,07-May-2014,14.00,14.10,14.55,13.95,14.40,14.30,14.25,449356,64.03,608,319568,71.12
IVC,EQ,08-May-2014,14.30,14.30,14.40,14.05,14.30,14.35,14.22,169322,24.08,290,112765,66.60
IVC,EQ,09-May-2014,14.35,14.50,14.65,14.15,14.50,14.40,14.44,370611,53.52,777,262158,70.74
IVC,EQ,12-May-2014,14.40,14.80,14.80,14.40,14.55,14.55,14.59,590686,86.17,960,384209,65.04
IVC,EQ,13-May-2014,14.55,14.80,15.50,14.60,15.05,15.05,14.99,1136574,170.34,1664,778957,68.54
IVC,EQ,14-May-2014,15.05,15.25,16.00,15.20,15.90,15.90,15.59,908775,141.68,1620,628159,69.12
IVC,EQ,15-May-2014,15.90,16.00,16.90,15.55,16.00,16.00,15.93,742788,118.30,1321,515201,69.36
IVC,EQ,16-May-2014,16.00,16.25,17.20,16.05,17.05,17.00,16.80,1438043,241.57,1996,1109862,77.18
IVC,EQ,19-May-2014,17.00,17.40,19.00,17.20,18.90,18.80,18.18,1284606,233.49,2167,884944,68.89
IVC,EQ,20-May-2014,18.80,19.00,19.25,17.50,19.05,19.00,18.52,964249,178.56,1953,557469,57.81
IVC,EQ,21-May-2014,19.00,19.40,19.40,18.35,18.90,18.70,19.00,683997,129.96,1358,422963,61.84
IVC,EQ,22-May-2014,18.70,19.20,19.40,18.55,18.90,18.75,19.00,507523,96.45,1053,291069,57.35
IVC,EQ,23-May-2014,18.75,19.00,21.00,18.75,20.70,20.55,20.16,1383707,278.94,3222,881375,63.70
IVC,EQ,26-May-2014,20.55,22.00,24.40,21.05,22.00,21.65,23.00,3365680,774.11,7456,2086156,61.98
IVC,EQ,27-May-2014,21.65,22.75,23.00,20.10,22.00,21.80,21.50,904250,194.43,2760,554267,61.30
IVC,EQ,28-May-2014,21.80,22.70,23.55,21.70,23.20,23.40,22.95,902591,207.11,2646,510054,56.51
IVC,EQ,29-May-2014,23.40,23.50,23.90,22.55,23.05,22.85,23.08,601765,138.91,1547,366780,60.95
IVC,EQ,30-May-2014,22.85,22.85,23.50,22.25,22.90,22.75,22.79,516164,117.62,1238,311455,60.34
IVC,EQ,02-Jun-2014,22.75,23.00,23.00,22.20,22.70,22.65,22.60,376368,85.07,879,231056,61.39
IVC,EQ,03-Jun-2014,22.65,22.65,22.85,22.05,22.10,22.10,22.29,362136,80.72,684,229227,63.30
IVC,EQ,04-Jun-2014,22.10,22.15,23.40,22.15,23.10,23.05,22.86,1050016,240.01,2013,716712,68.26
IVC,EQ,05-Jun-2014,23.05,23.50,23.70,22.80,23.25,23.10,23.17,784423,181.74,1522,562148,71.66
IVC,EQ,06-Jun-2014,23.10,23.00,23.45,22.60,22.80,22.80,23.01,584365,134.47,1097,418792,71.67
IVC,EQ,09-Jun-2014,22.80,22.80,23.20,22.30,22.85,22.50,22.72,890121,202.25,1442,682939,76.72
IVC,EQ,10-Jun-2014,22.50,23.00,25.90,22.25,25.75,25.55,24.12,3949356,952.75,5486,2110336,53.43
IVC,EQ,11-Jun-2014,25.55,26.10,26.40,24.65,25.05,25.65,25.80,2473325,638.03,4302,1556878,62.95
IVC,EQ,12-Jun-2014,25.65,25.45,26.70,24.75,26.50,26.45,25.99,1594853,414.55,2189,1239903,77.74
IVC,EQ,13-Jun-2014,26.45,26.60,28.70,25.80,26.50,26.30,27.13,2535682,687.82,6190,1319944,52.05
IVC,EQ,16-Jun-2014,26.30,26.75,26.75,25.10,25.40,25.25,25.75,1015220,261.44,1952,751353,74.01
IVC,EQ,17-Jun-2014,25.25,25.25,26.50,24.80,26.35,26.25,25.80,1103173,284.61,1491,874047,79.23
IVC,EQ,18-Jun-2014,26.25,26.25,26.70,25.25,25.60,25.65,25.97,835213,216.91,1725,582020,69.69
IVC,EQ,19-Jun-2014,25.65,25.35,25.90,24.00,24.50,24.35,24.79,682167,169.11,1540,444326,65.13
IVC,EQ,20-Jun-2014,24.35,24.50,25.40,23.90,24.10,23.95,24.43,673663,164.58,1436,413636,61.40
IVC,EQ,23-Jun-2014,23.95,23.75,24.20,22.90,23.40,23.20,23.57,533215,125.70,1198,332142,62.29
IVC,EQ,24-Jun-2014,23.20,24.00,24.25,23.00,23.50,23.40,23.57,472777,111.46,1146,236776,50.08
IVC,EQ,25-Jun-2014,23.40,23.40,24.20,23.20,23.50,23.35,23.62,359594,84.93,1205,204019,56.74
IVC,EQ,26-Jun-2014,23.35,23.60,23.85,23.30,23.50,23.40,23.56,260698,61.42,611,171373,65.74
IVC,EQ,27-Jun-2014,23.40,23.50,23.70,23.10,23.35,23.40,23.41,376373,88.09,734,257035,68.29
IVC,EQ,30-Jun-2014,23.40,23.40,25.80,23.40,25.00,25.05,24.96,1393260,347.77,2948,909257,65.26
IVC,EQ,01-Jul-2014,25.05,25.30,25.85,24.90,25.10,25.05,25.37,623783,158.28,1313,412245,66.09
IVC,EQ,02-Jul-2014,25.05,25.75,26.40,25.35,25.50,25.50,25.76,621916,160.23,1633,382591,61.52
IVC,EQ,03-Jul-2014,25.50,25.55,25.75,24.95,25.30,25.25,25.27,346293,87.50,642,281850,81.39
IVC,EQ,04-Jul-2014,25.25,25.25,25.70,24.65,25.20,25.00,25.05,589533,147.70,994,457603,77.62
IVC,EQ,07-Jul-2014,25.00,25.90,25.90,24.85,25.45,25.45,25.17,335008,84.33,730,232347,69.36
IVC,EQ,08-Jul-2014,25.45,25.45,25.45,24.00,24.20,24.30,24.75,771546,190.93,1804,524790,68.02
IVC,EQ,09-Jul-2014,24.30,24.00,24.45,23.70,24.45,24.35,24.10,444812,107.22,821,330472,74.29
IVC,EQ,10-Jul-2014,24.35,24.15,26.00,23.80,25.00,25.00,24.78,603388,149.50,1663,346655,57.45
IVC,EQ,11-Jul-2014,25.00,25.45,25.75,23.80,23.85,23.95,24.35,332143,80.86,1038,197725,59.53
IVC,EQ,14-Jul-2014,23.95,23.70,25.00,23.20,24.90,24.70,24.12,357399,86.20,828,271438,75.95
IVC,EQ,15-Jul-2014,24.70,24.55,25.30,24.55,25.00,25.05,24.96,222995,55.66,601,154081,69.10
IVC,EQ,16-Jul-2014,25.05,24.85,27.30,24.85,26.70,26.50,26.33,952721,250.86,2281,727780,76.39
IVC,EQ,17-Jul-2014,26.50,26.15,27.25,26.05,26.90,27.05,26.77,712150,190.66,1685,544885,76.51
IVC,EQ,18-Jul-2014,27.05,27.10,27.60,26.10,26.75,26.65,26.73,736091,196.74,2173,460890,62.61
IVC,EQ,21-Jul-2014,26.65,26.40,27.20,26.40,26.80,26.70,26.84,288633,77.47,738,201980,69.98
IVC,EQ,22-Jul-2014,26.70,26.90,26.95,26.45,26.50,26.55,26.62,375752,100.04,620,306649,81.61
IVC,EQ,23-Jul-2014,26.55,26.85,26.95,26.25,26.50,26.50,26.46,433405,114.67,902,323777,74.71
IVC,EQ,24-Jul-2014,26.50,26.50,27.25,26.30,26.90,27.00,26.55,395083,104.88,685,318580,80.64
IVC,EQ,25-Jul-2014,27.00,27.00,27.25,26.50,26.90,26.70,26.71,377580,100.84,985,259946,68.85
IVC,EQ,28-Jul-2014,26.70,27.00,27.30,25.70,27.05,26.95,26.68,567379,151.40,1226,429134,75.63
IVC,EQ,30-Jul-2014,26.95,25.95,25.95,24.50,24.65,24.65,24.88,527823,131.35,1526,328578,62.25
IVC,EQ,31-Jul-2014,24.65,24.40,24.90,24.40,24.80,24.75,24.69,137458,33.94,508,85528,62.22
IVC,EQ,01-Aug-2014,24.75,24.50,25.15,23.90,24.90,24.85,24.69,213332,52.67,517,146243,68.55
IVC,EQ,04-Aug-2014,24.85,24.90,25.50,24.50,24.80,24.75,24.85,149710,37.20,418,100605,67.20
IVC,EQ,05-Aug-2014,24.75,24.55,24.85,24.05,24.60,24.60,24.62,144142,35.48,400,103137,71.55
IVC,EQ,06-Aug-2014,24.60,24.60,25.10,24.20,24.20,24.30,24.53,453889,111.35,664,400631,88.27
IVC,EQ,07-Aug-2014,24.30,24.20,24.45,23.60,23.60,23.65,23.92,425150,101.69,1048,224113,52.71
IVC,EQ,08-Aug-2014,23.65,23.55,23.55,22.85,23.10,23.05,23.07,429869,99.18,731,354544,82.48
IVC,EQ,11-Aug-2014,23.05,22.85,23.30,22.80,22.95,23.00,22.99,263592,60.61,464,218287,82.81
IVC,EQ,12-Aug-2014,23.00,22.90,23.30,21.00,21.25,21.30,21.82,385673,84.14,1499,270220,70.06
IVC,EQ,13-Aug-2014,21.30,21.50,21.50,19.75,20.30,20.15,20.47,375170,76.78,1328,279768,74.57
IVC,EQ,14-Aug-2014,20.15,20.90,20.90,19.40,19.95,19.90,19.85,235463,46.74,890,165569,70.32
IVC,EQ,18-Aug-2014,19.90,20.00,21.85,19.90,21.50,21.50,21.22,294798,62.56,1162,189851,64.40
IVC,EQ,19-Aug-2014,21.50,21.50,22.25,21.50,21.90,22.05,22.03,226968,50.01,707,128244,56.50
IVC,EQ,20-Aug-2014,22.05,22.00,22.75,21.55,21.60,21.85,22.03,401496,88.47,593,333581,83.08
IVC,EQ,21-Aug-2014,21.85,21.85,22.25,21.35,21.45,21.50,21.71,110490,23.99,444,81221,73.51
IVC,EQ,22-Aug-2014,21.50,21.55,22.20,20.65,20.75,20.80,21.03,156869,32.98,599,117870,75.14
IVC,EQ,25-Aug-2014,20.80,20.70,21.00,20.05,20.60,20.85,20.55,212991,43.77,728,135932,63.82
IVC,EQ,26-Aug-2014,20.85,20.90,20.90,19.30,20.50,20.40,20.27,122792,24.89,518,75279,61.31
IVC,EQ,27-Aug-2014,20.40,20.60,20.85,20.10,20.20,20.15,20.27,175418,35.56,326,141014,80.39
IVC,EQ,28-Aug-2014,20.15,20.60,20.70,20.05,20.25,20.15,20.34,220258,44.79,700,149435,67.85
IVC,EQ,01-Sep-2014,20.15,20.70,21.50,20.35,20.95,20.75,20.58,256327,52.74,643,191845,74.84
IVC,EQ,02-Sep-2014,20.75,21.00,21.25,20.60,21.00,20.90,20.97,247909,51.99,754,163651,66.01
IVC,EQ,03-Sep-2014,20.90,21.20,21.70,20.40,20.85,20.75,20.93,242035,50.65,686,193502,79.95
IVC,EQ,04-Sep-2014,20.75,20.75,20.90,20.20,20.70,20.60,20.41,97394,19.87,450,66076,67.84
IVC,EQ,05-Sep-2014,20.60,20.40,21.10,20.30,20.80,20.75,20.60,146976,30.28,649,78384,53.33
IVC,EQ,08-Sep-2014,20.75,21.00,21.00,20.25,20.95,20.85,20.79,250326,52.04,462,203959,81.48
IVC,EQ,09-Sep-2014,20.85,21.45,21.45,20.50,21.00,20.90,20.79,203866,42.38,699,157406,77.21
IVC,EQ,10-Sep-2014,20.90,20.90,22.80,20.70,22.20,22.10,21.97,563242,123.72,1874,332162,58.97
IVC,EQ,11-Sep-2014,22.10,22.10,25.40,22.10,24.80,24.75,24.05,1291332,310.51,4068,604653,46.82
IVC,EQ,12-Sep-2014,24.75,24.95,25.70,24.30,24.85,24.90,24.92,558417,139.13,1505,359266,64.34
IVC,EQ,15-Sep-2014,24.90,25.00,25.40,24.00,24.30,24.35,24.69,325168,80.27,1121,233898,71.93
IVC,EQ,16-Sep-2014,24.35,24.90,25.00,21.10,22.30,22.45,23.68,435285,103.09,1428,285990,65.70
IVC,EQ,17-Sep-2014,22.45,23.00,23.00,21.45,22.30,22.30,22.20,193636,42.98,867,116600,60.22
IVC,EQ,18-Sep-2014,22.30,22.95,23.30,22.40,22.90,22.85,22.95,161881,37.15,720,92117,56.90
IVC,EQ,19-Sep-2014,22.85,23.00,23.35,22.05,22.50,22.60,22.75,168716,38.38,828,103448,61.31
IVC,EQ,22-Sep-2014,22.60,23.20,23.20,22.00,22.85,22.70,22.56,98248,22.17,458,67511,68.71
IVC,EQ,23-Sep-2014,22.70,22.90,23.10,21.80,22.00,22.05,22.26,252492,56.21,782,190217,75.34
IVC,EQ,24-Sep-2014,22.05,22.00,22.65,21.35,21.60,21.45,21.73,159666,34.69,574,109074,68.31
IVC,EQ,25-Sep-2014,21.45,21.30,21.65,20.90,21.20,21.10,21.13,150350,31.76,652,111545,74.19
IVC,EQ,26-Sep-2014,21.10,21.00,21.80,20.85,21.30,21.15,21.12,206027,43.51,685,135015,65.53
IVC,EQ,29-Sep-2014,21.15,21.45,22.15,21.00,21.40,21.50,21.55,163689,35.28,788,86491,52.84
IVC,EQ,30-Sep-2014,21.50,21.30,21.65,21.00,21.15,21.05,21.23,56478,11.99,303,33153,58.70
IVC,EQ,01-Oct-2014,21.05,21.50,21.60,21.15,21.40,21.50,21.39,64341,13.76,288,44640,69.38
IVC,EQ,07-Oct-2014,21.50,21.05,21.75,20.80,21.00,21.00,21.02,270636,56.89,425,221334,81.78
IVC,EQ,08-Oct-2014,21.00,21.00,21.50,20.70,20.70,20.85,20.93,80498,16.85,285,55314,68.71
IVC,EQ,09-Oct-2014,20.85,21.30,21.45,20.80,20.80,20.95,21.11,125262,26.44,370,70510,56.29
IVC,EQ,10-Oct-2014,20.95,20.50,21.40,19.80,20.60,20.40,20.56,185599,38.15,624,130428,70.27
IVC,EQ,13-Oct-2014,20.40,20.90,20.90,20.25,20.50,20.45,20.48,70742,14.49,332,52204,73.79
IVC,EQ,14-Oct-2014,20.45,20.25,21.25,20.25,20.80,20.80,20.89,113388,23.68,325,76057,67.08
IVC,EQ,16-Oct-2014,20.80,21.00,21.20,20.40,20.40,20.55,20.82,85581,17.82,325,59604,69.65
IVC,EQ,17-Oct-2014,20.55,20.40,23.20,19.95,20.20,20.35,20.54,197684,40.61,539,122026,61.73
IVC,EQ,20-Oct-2014,20.35,20.25,20.95,19.70,20.05,20.00,20.09,327104,65.71,747,255577,78.13
IVC,EQ,21-Oct-2014,20.00,19.80,20.55,19.80,19.95,20.00,20.02,474350,94.96,410,446254,94.08
IVC,EQ,22-Oct-2014,20.00,20.30,20.30,19.90,20.00,20.00,19.98,112825,22.54,292,80604,71.44
IVC,EQ,23-Oct-2014,20.00,20.45,20.60,20.05,20.60,20.55,20.44,59328,12.13,292,46281,78.01
IVC,EQ,27-Oct-2014,20.55,20.40,20.75,20.20,20.60,20.45,20.47,71504,14.63,393,44336,62.00
IVC,EQ,28-Oct-2014,20.45,20.25,20.85,19.90,20.00,19.95,20.13,214588,43.20,466,174767,81.44
IVC,EQ,29-Oct-2014,19.95,20.55,20.55,19.85,20.10,20.05,20.02,315650,63.21,671,202713,64.22
IVC,EQ,30-Oct-2014,20.05,20.30,20.30,20.00,20.30,20.20,20.16,85713,17.28,206,61197,71.40
IVC,EQ,31-Oct-2014,20.20,20.60,21.45,20.00,21.00,21.00,20.87,298227,62.24,975,178428,59.83
IVC,EQ,03-Nov-2014,21.00,21.45,22.50,21.40,22.00,21.95,21.94,246628,54.10,759,193733,78.55
IVC,EQ,05-Nov-2014,21.95,22.10,22.25,20.10,20.25,20.30,21.10,372063,78.52,1216,232924,62.60
IVC,EQ,07-Nov-2014,20.30,20.35,20.65,19.70,19.95,19.95,20.03,332830,66.68,735,261206,78.48
IVC,EQ,10-Nov-2014,19.95,20.00,20.50,19.50,19.95,20.00,20.07,196240,39.39,507,140792,71.74
IVC,EQ,11-Nov-2014,20.00,20.20,20.25,19.80,19.90,19.95,20.03,192431,38.54,438,133222,69.23
IVC,EQ,12-Nov-2014,19.95,19.90,20.20,19.50,19.80,19.70,19.80,197345,39.08,520,143498,72.71
IVC,EQ,13-Nov-2014,19.70,20.20,20.20,19.05,19.10,19.15,19.46,214957,41.82,689,164518,76.54
IVC,EQ,14-Nov-2014,19.15,19.10,19.60,19.10,19.50,19.45,19.27,151109,29.12,464,88942,58.86
IVC,EQ,17-Nov-2014,19.45,19.75,20.15,19.40,20.10,19.95,19.85,218772,43.42,959,152173,69.56
IVC,EQ,18-Nov-2014,19.95,20.20,20.75,19.70,20.60,20.50,20.32,279378,56.76,1123,208404,74.60
IVC,EQ,19-Nov-2014,20.50,20.60,20.95,20.00,20.20,20.20,20.35,228364,46.48,1022,181680,79.56
IVC,EQ,20-Nov-2014,20.20,20.00,20.20,19.45,19.95,20.05,19.99,80122,16.02,357,67391,84.11
IVC,EQ,21-Nov-2014,20.05,19.95,20.30,19.75,19.80,20.00,20.03,104188,20.87,603,91297,87.63
IVC,EQ,24-Nov-2014,20.00,19.80,20.20,19.50,19.60,19.65,19.80,233563,46.26,1130,187264,80.18
IVC,EQ,25-Nov-2014,19.65,19.55,19.90,19.30,19.85,19.65,19.65,176072,34.60,891,139717,79.35
IVC,EQ,26-Nov-2014,19.65,19.60,19.85,19.30,19.65,19.60,19.51,147657,28.81,388,116986,79.23
IVC,EQ,27-Nov-2014,19.60,19.45,19.90,19.45,19.70,19.70,19.61,87578,17.18,431,66254,75.65
IVC,EQ,28-Nov-2014,19.70,19.90,20.00,19.50,19.60,19.60,19.64,318508,62.55,975,233281,73.24
IVC,EQ,01-Dec-2014,19.60,19.55,19.75,19.45,19.60,19.55,19.56,243326,47.59,629,175510,72.13
IVC,EQ,02-Dec-2014,19.55,19.30,19.75,19.30,19.60,19.50,19.59,283891,55.61,540,213865,75.33
IVC,EQ,03-Dec-2014,19.50,19.65,19.65,19.40,19.60,19.55,19.49,157637,30.73,688,110585,70.15
IVC,EQ,04-Dec-2014,19.55,19.60,20.75,19.45,20.70,20.50,20.29,723370,146.76,2004,524865,72.56
IVC,EQ,05-Dec-2014,20.50,20.30,21.10,20.30,20.40,20.40,20.66,251693,52.01,785,211621,84.08
IVC,EQ,08-Dec-2014,20.40,20.75,20.75,19.80,19.80,19.80,19.98,113727,22.72,341,80408,70.70
IVC,EQ,09-Dec-2014,19.80,19.70,19.90,19.55,19.75,19.65,19.71,90325,17.80,264,66792,73.95
IVC,EQ,10-Dec-2014,19.65,19.55,19.80,19.50,19.55,19.55,19.61,73408,14.40,1177,58498,79.69
IVC,EQ,11-Dec-2014,19.55,20.00,20.30,19.30,19.45,19.50,19.62,150480,29.53,352,76828,51.06
IVC,EQ,12-Dec-2014,19.50,19.50,19.70,19.20,19.20,19.20,19.40,120201,23.32,287,90544,75.33
IVC,EQ,15-Dec-2014,19.20,19.50,19.55,19.00,19.05,19.10,19.18,98743,18.93,303,74402,75.35
IVC,EQ,16-Dec-2014,19.10,19.00,19.20,18.40,18.50,18.55,18.63,182833,34.07,507,129497,70.83
IVC,EQ,17-Dec-2014,18.55,19.00,19.45,18.05,18.10,18.20,18.27,142287,25.99,489,95205,66.91
IVC,EQ,18-Dec-2014,18.20,18.30,18.80,18.20,18.70,18.65,18.40,134284,24.71,417,79687,59.34
IVC,EQ,19-Dec-2014,18.65,19.00,19.30,18.25,18.35,18.45,18.65,115260,21.50,320,79801,69.24
IVC,EQ,22-Dec-2014,18.45,19.00,19.00,18.25,18.25,18.30,18.41,97640,17.98,249,79431,81.35
IVC,EQ,23-Dec-2014,18.30,18.30,18.90,17.80,18.60,18.60,18.20,312533,56.87,671,223808,71.61
IVC,EQ,24-Dec-2014,18.60,18.70,19.00,18.15,18.25,18.40,18.47,244972,45.23,392,175990,71.84
IVC,EQ,26-Dec-2014,18.40,18.55,18.80,18.35,18.65,18.60,18.46,304283,56.16,274,274986,90.37
IVC,EQ,29-Dec-2014,18.60,18.50,18.80,18.15,18.20,18.25,18.41,152440,28.06,342,122961,80.66
IVC,EQ,30-Dec-2014,18.25,18.30,18.45,18.10,18.30,18.25,18.28,90810,16.60,246,73746,81.21
IVC,EQ,31-Dec-2014,18.25,18.45,18.50,18.10,18.25,18.25,18.30,112529,20.59,260,83205,73.94
IVC,EQ,01-Jan-2015,18.25,18.30,18.60,18.10,18.30,18.35,18.40,125115,23.03,350,80104,64.02
IVC,EQ,02-Jan-2015,18.35,20.00,20.00,18.30,19.10,19.05,18.84,429811,81.00,918,326685,76.01
IVC,EQ,05-Jan-2015,19.05,19.00,19.30,18.70,19.05,19.00,19.13,174465,33.38,461,133311,76.41
IVC,EQ,06-Jan-2015,19.00,19.25,19.25,18.50,18.60,18.55,18.78,102197,19.19,346,67262,65.82
IVC,EQ,07-Jan-2015,18.55,18.50,18.85,18.30,18.45,18.50,18.48,102477,18.94,311,66903,65.29
IVC,EQ,08-Jan-2015,18.50,18.90,18.95,18.35,18.45,18.50,18.59,150430,27.96,470,105856,70.37
IVC,EQ,09-Jan-2015,18.50,18.80,18.80,18.45,18.70,18.60,18.60,76856,14.30,194,43157,56.15
IVC,EQ,12-Jan-2015,18.60,18.55,18.90,18.50,18.70,18.70,18.73,172747,32.36,282,116647,67.52
IVC,EQ,13-Jan-2015,18.70,18.70,18.70,18.25,18.35,18.30,18.39,169545,31.19,335,107557,63.44
IVC,EQ,14-Jan-2015,18.30,18.25,18.65,18.15,18.25,18.25,18.30,168899,30.92,378,105587,62.51
IVC,EQ,15-Jan-2015,18.25,18.25,18.50,17.80,18.00,18.00,18.15,283604,51.48,523,209276,73.79
IVC,EQ,16-Jan-2015,18.00,18.00,18.45,17.45,17.60,17.70,17.79,364125,64.77,881,269832,74.10
IVC,EQ,19-Jan-2015,17.70,17.70,18.10,17.45,17.45,17.55,17.70,277818,49.18,859,216141,77.80
IVC,EQ,20-Jan-2015,17.55,17.70,17.95,17.25,17.65,17.55,17.52,220605,38.64,728,163105,73.94
IVC,EQ,21-Jan-2015,17.55,17.60,17.70,17.25,17.25,17.40,17.43,144973,25.27,464,107040,73.83
IVC,EQ,22-Jan-2015,17.40,17.50,17.60,17.05,17.10,17.20,17.34,224748,38.98,673,167877,74.70
IVC,EQ,23-Jan-2015,17.20,17.10,17.45,16.90,17.15,17.00,17.06,440137,75.09,1040,374203,85.02
IVC,EQ,27-Jan-2015,17.00,17.10,17.30,16.85,16.95,16.95,17.00,302987,51.50,378,275513,90.93
IVC,EQ,28-Jan-2015,16.95,16.95,17.10,16.70,17.10,17.05,16.91,269380,45.54,772,238293,88.46
IVC,EQ,29-Jan-2015,17.05,16.80,18.70,16.80,17.90,17.90,18.00,692169,124.58,5762,419731,60.64
IVC,EQ,30-Jan-2015,17.90,18.50,18.85,17.95,18.15,18.25,18.46,423980,78.28,1842,307564,72.54
IVC,EQ,02-Feb-2015,18.25,18.40,18.40,18.00,18.20,18.15,18.13,157357,28.52,651,121406,77.15
IVC,EQ,03-Feb-2015,18.15,18.10,18.25,17.65,18.00,17.90,17.92,205020,36.75,625,139035,67.82
IVC,EQ,04-Feb-2015,17.90,18.25,18.50,17.85,18.10,17.95,18.08,205376,37.13,863,143968,70.10
IVC,EQ,05-Feb-2015,17.95,18.15,18.20,17.90,18.10,18.05,18.02,196844,35.47,231,173742,88.26
IVC,EQ,06-Feb-2015,18.05,16.70,17.95,16.70,17.35,17.45,17.39,178296,31.01,556,120595,67.64
IVC,EQ,09-Feb-2015,17.45,17.45,17.65,17.05,17.30,17.35,17.38,123447,21.45,343,94093,76.22
IVC,EQ,10-Feb-2015,17.35,17.25,17.60,17.00,17.20,17.15,17.31,201370,34.85,533,131665,65.38
IVC,EQ,11-Feb-2015,17.15,17.50,17.50,17.10,17.25,17.30,17.23,105551,18.19,267,86808,82.24
IVC,EQ,12-Feb-2015,17.30,17.50,17.55,17.20,17.35,17.25,17.37,104117,18.09,325,70780,67.98
IVC,EQ,13-Feb-2015,17.25,17.50,20.60,17.30,19.55,19.75,19.06,2303383,439.00,4855,1564023,67.90
IVC,EQ,16-Feb-2015,19.75,19.95,20.20,18.45,18.85,19.00,19.44,1296805,252.11,1714,1059289,81.68
IVC,EQ,18-Feb-2015,19.00,19.00,20.25,18.80,19.50,19.55,19.55,663257,129.64,1421,406809,61.34
IVC,EQ,19-Feb-2015,19.55,19.15,20.20,19.15,19.70,19.65,19.69,239850,47.23,807,148522,61.92
IVC,EQ,20-Feb-2015,19.65,19.90,19.90,19.35,19.50,19.45,19.65,223702,43.96,506,170350,76.15
IVC,EQ,23-Feb-2015,19.45,19.70,19.80,19.25,19.35,19.35,19.51,157139,30.66,418,127039,80.84
IVC,EQ,24-Feb-2015,19.35,19.35,20.25,19.30,19.75,19.70,19.80,319618,63.27,789,225251,70.48
IVC,EQ,25-Feb-2015,19.70,19.90,20.15,19.25,19.55,19.35,19.65,367501,72.20,1488,228954,62.30
IVC,EQ,26-Feb-2015,19.35,19.50,19.50,19.10,19.50,19.35,19.37,110399,21.38,277,74278,67.28
IVC,EQ,27-Feb-2015,19.35,19.55,19.80,19.25,19.50,19.30,19.37,154072,29.85,368,96480,62.62
IVC,EQ,28-Feb-2015,19.30,19.50,19.90,18.45,19.30,19.10,19.19,322949,61.97,774,199987,61.93
IVC,EQ,02-Mar-2015,19.10,19.60,19.70,18.70,19.40,19.30,19.23,115677,22.24,341,73515,63.55
IVC,EQ,03-Mar-2015,19.30,19.60,20.00,19.10,19.75,19.85,19.47,328694,64.00,757,206098,62.70
IVC,EQ,04-Mar-2015,19.85,20.20,20.80,19.55,20.30,20.00,20.26,719520,145.76,1622,473088,65.75
IVC,EQ,05-Mar-2015,20.00,19.95,20.80,19.90,20.15,20.05,20.25,392030,79.40,938,238991,60.96
IVC,EQ,09-Mar-2015,20.05,19.95,20.40,19.80,20.15,20.10,20.16,264531,53.32,551,201341,76.11
IVC,EQ,10-Mar-2015,20.10,20.40,20.40,19.50,19.90,19.60,19.87,202388,40.22,373,146310,72.29
IVC,EQ,11-Mar-2015,19.60,19.95,19.95,19.40,19.90,19.90,19.75,202418,39.97,402,131490,64.96
IVC,EQ,12-Mar-2015,19.90,19.70,20.30,19.55,19.75,19.80,19.90,159437,31.72,415,104088,65.28
IVC,EQ,13-Mar-2015,19.80,20.30,20.30,19.25,19.30,19.35,19.67,159782,31.43,381,115539,72.31
IVC,EQ,16-Mar-2015,19.35,19.10,19.90,18.75,18.80,18.85,19.01,235803,44.82,500,182243,77.29
IVC,EQ,17-Mar-2015,18.85,18.80,19.40,18.50,18.90,18.65,18.80,113387,21.31,326,83315,73.48
IVC,EQ,18-Mar-2015,18.65,18.60,18.95,17.85,18.15,18.00,18.38,211479,38.86,698,172048,81.35
IVC,EQ,19-Mar-2015,18.00,18.25,18.50,17.80,18.05,18.00,18.11,119734,21.68,326,90299,75.42
IVC,EQ,20-Mar-2015,18.00,18.05,18.20,17.55,18.00,18.00,17.81,315172,56.12,586,249623,79.20
IVC,EQ,23-Mar-2015,18.00,18.30,18.30,18.00,18.05,18.05,18.05,81602,14.73,162,74242,90.98
IVC,EQ,24-Mar-2015,18.05,18.25,18.25,17.70,17.85,17.80,17.89,91787,16.42,223,90104,98.17
IVC,EQ,25-Mar-2015,17.80,17.70,17.95,17.10,17.70,17.75,17.59,223011,39.24,407,185854,83.34
IVC,EQ,26-Mar-2015,17.75,17.65,18.00,17.35,17.85,17.75,17.70,120134,21.26,250,104144,86.69
IVC,EQ,27-Mar-2015,17.75,17.55,18.00,17.30,17.30,17.50,17.66,128782,22.74,283,106445,82.66
IVC,EQ,30-Mar-2015,17.50,18.10,18.20,17.30,17.75,17.55,17.65,128586,22.70,258,87247,67.85
IVC,EQ,31-Mar-2015,17.55,17.95,19.25,17.60,18.60,18.70,18.53,186645,34.59,599,140343,75.19
IVC,EQ,01-Apr-2015,18.70,18.70,19.10,18.30,18.70,18.75,18.83,59391,11.19,396,41709,70.23
IVC,EQ,06-Apr-2015,18.75,19.20,19.20,18.10,18.60,18.60,18.67,166337,31.05,390,113812,68.42
IVC,EQ,07-Apr-2015,18.60,19.20,19.20,18.30,18.85,18.70,18.62,154162,28.70,301,123721,80.25
IVC,EQ,08-Apr-2015,18.70,18.40,19.00,18.40,18.80,18.85,18.85,107786,20.32,280,91705,85.08
IVC,EQ,09-Apr-2015,18.85,18.90,19.00,18.60,18.70,18.75,18.82,65437,12.31,258,53326,81.49
IVC,EQ,10-Apr-2015,18.75,18.65,19.40,18.65,18.80,18.85,19.05,156967,29.90,376,111494,71.03
IVC,EQ,13-Apr-2015,18.85,19.30,19.30,18.85,19.25,19.10,19.08,220305,42.03,305,192742,87.49
IVC,EQ,15-Apr-2015,19.10,19.30,20.00,19.20,19.80,19.70,19.70,235724,46.45,556,172826,73.32
IVC,EQ,16-Apr-2015,19.70,20.00,20.60,19.60,20.60,20.50,20.23,698273,141.23,1422,538734,77.15
IVC,EQ,17-Apr-2015,20.50,20.50,21.40,20.30,20.60,20.70,20.93,421990,88.31,1068,335293,79.46
IVC,EQ,20-Apr-2015,20.70,21.00,21.00,20.20,20.35,20.45,20.54,194518,39.95,479,131695,67.70
IVC,EQ,21-Apr-2015,20.45,20.25,20.90,20.10,20.50,20.50,20.64,203888,42.08,552,116707,57.24
IVC,EQ,22-Apr-2015,20.50,20.50,20.75,19.80,19.95,20.05,20.25,165055,33.43,477,116217,70.41
IVC,EQ,23-Apr-2015,20.05,19.55,20.30,19.40,19.65,19.65,19.82,104578,20.72,394,69016,65.99
IVC,EQ,24-Apr-2015,19.65,19.65,19.90,19.00,19.15,19.20,19.36,143346,27.76,321,104366,72.81
IVC,EQ,27-Apr-2015,19.20,18.90,19.45,18.45,18.55,18.65,18.89,205990,38.92,566,126855,61.58
IVC,EQ,28-Apr-2015,18.65,18.40,19.75,18.40,19.45,19.45,19.23,188128,36.18,627,108472,57.66
IVC,EQ,29-Apr-2015,19.45,19.20,19.70,19.00,19.25,19.35,19.35,37114,7.18,185,27246,73.41
IVC,EQ,30-Apr-2015,19.35,19.00,19.70,18.85,19.35,19.35,19.36,46635,9.03,246,24630,52.81
IVC,EQ,04-May-2015,19.35,19.80,20.25,19.25,20.00,20.15,19.98,200215,40.01,489,158972,79.40
IVC,EQ,05-May-2015,20.15,20.50,20.60,20.15,20.35,20.45,20.43,195632,39.98,409,130015,66.46
IVC,EQ,06-May-2015,20.45,20.70,21.10,19.75,20.00,19.95,20.24,238824,48.33,678,147947,61.95
IVC,EQ,07-May-2015,19.95,19.60,20.10,19.25,19.55,19.40,19.66,96909,19.05,379,64066,66.11
IVC,EQ,08-May-2015,19.40,19.50,20.00,19.40,19.45,19.55,19.58,128103,25.09,374,87595,68.38
IVC,EQ,11-May-2015,19.55,19.85,19.95,19.50,19.60,19.55,19.70,73402,14.46,203,39571,53.91
IVC,EQ,12-May-2015,19.55,19.85,20.10,19.30,19.80,19.70,19.69,248277,48.89,718,143094,57.63
IVC,EQ,13-May-2015,19.70,19.85,20.45,19.85,20.20,20.20,20.21,627577,126.85,678,547895,87.30
IVC,EQ,14-May-2015,20.20,20.05,20.50,20.00,20.15,20.25,20.26,143684,29.11,373,75139,52.29
IVC,EQ,15-May-2015,20.25,20.50,20.50,20.10,20.15,20.15,20.34,151979,30.91,394,109995,72.38
IVC,EQ,18-May-2015,20.15,21.00,21.00,20.20,20.50,20.35,20.62,200437,41.33,441,117707,58.73
IVC,EQ,19-May-2015,20.35,20.55,20.60,20.05,20.15,20.10,20.28,114123,23.15,310,88345,77.41
IVC,EQ,20-May-2015,20.10,20.15,20.50,20.10,20.20,20.15,20.21,64885,13.11,173,55799,86.00
IVC,EQ,21-May-2015,20.15,20.40,20.40,19.90,20.00,20.05,20.05,98348,19.72,199,87324,88.79
IVC,EQ,22-May-2015,20.05,20.00,20.30,19.70,19.70,19.85,19.99,76637,15.32,261,63142,82.39
IVC,EQ,25-May-2015,19.85,20.20,20.20,19.55,19.75,19.65,19.73,90201,17.80,233,68684,76.15
IVC,EQ,26-May-2015,19.65,19.65,19.95,19.45,19.60,19.60,19.63,97704,19.18,232,83601,85.57
IVC,EQ,27-May-2015,19.60,20.30,20.30,19.50,19.65,19.60,19.64,116356,22.85,238,86961,74.74
IVC,EQ,28-May-2015,19.60,19.80,19.80,19.45,19.60,19.55,19.61,86154,16.89,233,67323,78.14
IVC,EQ,29-May-2015,19.55,19.80,20.60,19.40,20.10,20.00,20.09,272461,54.74,836,186569,68.48
IVC,EQ,01-Jun-2015,20.00,20.00,20.50,19.65,19.95,20.00,20.03,131391,26.32,366,112741,85.81
IVC,EQ,02-Jun-2015,20.00,20.30,20.60,19.80,20.30,20.40,20.34,361537,73.55,802,257845,71.32
IVC,EQ,03-Jun-2015,20.40,20.25,20.55,19.50,19.80,19.85,19.97,320904,64.09,498,235733,73.46
IVC,EQ,04-Jun-2015,19.85,19.95,20.00,19.70,19.80,19.85,19.86,216293,42.96,197,185505,85.77
IVC,EQ,05-Jun-2015,19.85,19.50,20.00,19.50,20.00,19.95,19.84,124204,24.64,381,83941,67.58
IVC,EQ,08-Jun-2015,19.95,19.95,20.10,19.60,20.00,19.85,19.74,103338,20.40,202,63783,61.72
IVC,EQ,09-Jun-2015,19.85,19.80,19.80,18.75,19.50,19.50,19.49,219654,42.80,499,138613,63.11
IVC,EQ,10-Jun-2015,19.50,19.50,19.85,19.30,19.50,19.55,19.63,71349,14.01,189,43357,60.77
IVC,EQ,11-Jun-2015,19.55,19.50,19.90,19.50,19.55,19.60,19.61,82172,16.11,222,56910,69.26
IVC,EQ,12-Jun-2015,19.60,19.55,19.90,19.45,19.75,19.75,19.71,115906,22.85,371,87351,75.36
IVC,EQ,15-Jun-2015,19.75,19.90,20.00,19.60,19.80,19.80,19.79,213814,42.32,1220,163734,76.58
IVC,EQ,16-Jun-2015,19.80,19.95,20.00,19.70,19.95,19.85,19.84,71541,14.19,355,51229,71.61
IVC,EQ,17-Jun-2015,19.85,20.00,20.20,19.70,19.75,19.70,19.92,208615,41.56,1208,130789,62.69
IVC,EQ,18-Jun-2015,19.70,20.10,20.45,19.90,20.35,20.40,20.34,298755,60.76,1548,194587,65.13
IVC,EQ,19-Jun-2015,20.40,20.60,20.80,20.05,20.60,20.35,20.48,273238,55.95,1399,182965,66.96
IVC,EQ,22-Jun-2015,20.35,20.05,20.80,20.05,20.75,20.65,20.66,376244,77.75,1964,247935,65.90
IVC,EQ,23-Jun-2015,20.65,20.80,21.00,20.45,20.70,20.80,20.79,315179,65.53,561,256850,81.49
IVC,EQ,24-Jun-2015,20.80,20.75,21.15,20.50,21.00,21.00,20.89,382833,79.96,544,296535,77.46
IVC,EQ,25-Jun-2015,21.00,21.00,22.50,20.75,22.25,22.25,21.93,642251,140.85,1894,412792,64.27
IVC,EQ,26-Jun-2015,22.25,22.00,23.45,21.65,22.25,22.35,22.57,853641,192.63,2856,490661,57.48
IVC,EQ,29-Jun-2015,22.35,21.90,23.60,21.15,23.00,23.05,22.07,392249,86.56,885,326955,83.35
IVC,EQ,30-Jun-2015,23.05,22.25,23.45,22.25,22.55,22.65,22.92,187012,42.86,491,117143,62.64
IVC,EQ,01-Jul-2015,22.65,22.65,23.00,21.90,22.30,22.15,22.33,176297,39.36,537,109465,62.09
IVC,EQ,02-Jul-2015,22.15,22.30,22.35,21.15,21.90,21.85,21.87,224050,48.99,650,148236,66.16
IVC,EQ,03-Jul-2015,21.85,21.85,22.25,21.20,21.50,21.50,21.62,171389,37.05,549,103146,60.18
IVC,EQ,06-Jul-2015,21.50,21.10,21.95,21.00,21.80,21.80,21.68,127908,27.73,325,101609,79.44
IVC,EQ,07-Jul-2015,21.80,22.00,22.25,21.30,21.45,21.45,21.64,311687,67.44,617,257724,82.69
IVC,EQ,08-Jul-2015,21.45,21.45,21.60,20.60,21.30,21.35,21.33,184968,39.46,438,128680,69.57
IVC,EQ,09-Jul-2015,21.35,21.55,21.85,20.90,20.90,21.05,21.37,430291,91.95,689,292503,67.98
IVC,EQ,10-Jul-2015,21.05,21.10,21.45,20.95,21.25,21.10,21.12,118196,24.97,291,87752,74.24
IVC,EQ,13-Jul-2015,21.10,21.10,21.85,20.90,21.55,21.55,21.37,121730,26.01,446,84110,69.10
IVC,EQ,14-Jul-2015,21.55,21.60,21.80,21.05,21.15,21.15,21.38,156590,33.48,435,115746,73.92
IVC,EQ,15-Jul-2015,21.15,21.60,21.70,21.15,21.45,21.40,21.36,266406,56.90,663,171280,64.29
IVC,EQ,16-Jul-2015,21.40,21.50,22.10,21.30,22.00,21.95,21.76,272865,59.37,727,179467,65.77
IVC,EQ,17-Jul-2015,21.95,22.20,22.65,21.80,22.00,22.20,22.25,221538,49.28,691,145488,65.67
IVC,EQ,20-Jul-2015,22.20,22.25,22.60,21.90,22.00,22.00,22.19,350720,77.84,495,257736,73.49
IVC,EQ,21-Jul-2015,22.00,22.35,22.35,21.65,21.70,21.75,21.96,215828,47.39,334,166550,77.17
IVC,EQ,22-Jul-2015,21.75,21.75,22.15,21.75,22.00,21.95,21.96,161888,35.55,309,135681,83.81
IVC,EQ,23-Jul-2015,21.95,22.30,22.30,21.90,22.20,22.15,22.11,183337,40.53,370,136228,74.30
IVC,EQ,24-Jul-2015,22.15,22.00,22.35,21.65,22.00,21.90,22.02,214201,47.16,487,160141,74.76
IVC,EQ,27-Jul-2015,21.90,22.20,22.20,21.60,21.65,21.75,21.83,175346,38.29,384,143215,81.68
IVC,EQ,28-Jul-2015,21.75,21.90,22.15,21.65,21.75,21.75,21.88,174131,38.09,340,139610,80.18
IVC,EQ,29-Jul-2015,21.75,21.90,22.00,21.65,21.75,21.75,21.83,144274,31.50,361,116312,80.62
IVC,EQ,30-Jul-2015,21.75,21.90,22.00,21.55,21.80,21.65,21.74,264212,57.43,551,194816,73.73
IVC,EQ,31-Jul-2015,21.65,21.85,22.05,21.65,22.00,21.90,21.86,242658,53.06,625,188792,77.80
IVC,EQ,03-Aug-2015,21.90,22.20,22.40,21.85,22.00,22.00,22.11,331174,73.21,800,225028,67.95
IVC,EQ,04-Aug-2015,22.00,22.25,22.25,21.75,21.80,21.85,21.87,466655,102.04,939,376166,80.61
IVC,EQ,05-Aug-2015,21.85,20.35,20.75,19.90,20.50,20.30,20.31,534013,108.47,1601,370717,69.42
IVC,EQ,06-Aug-2015,20.30,20.60,20.60,20.00,20.25,20.35,20.19,201833,40.75,506,131261,65.03
IVC,EQ,07-Aug-2015,20.35,20.35,20.75,19.40,19.50,19.65,20.07,422173,84.72,1035,279687,66.25
IVC,EQ,10-Aug-2015,19.65,19.70,20.05,19.50,19.85,19.70,19.77,241159,47.68,636,136534,56.62
IVC,EQ,11-Aug-2015,19.70,20.35,20.35,19.05,19.25,19.30,19.53,144262,28.17,671,86157,59.72
IVC,EQ,12-Aug-2015,19.30,19.10,19.20,17.80,17.95,18.05,18.34,474499,87.02,1122,352208,74.23
IVC,EQ,13-Aug-2015,18.05,18.35,18.35,17.00,17.25,17.20,17.70,295166,52.25,886,237290,80.39
IVC,EQ,14-Aug-2015,17.20,17.35,17.95,17.30,17.95,17.90,17.78,172365,30.64,565,119600,69.39
IVC,EQ,17-Aug-2015,17.90,18.00,18.25,17.00,17.65,17.80,17.61,274760,48.37,907,193592,70.46
IVC,EQ,18-Aug-2015,17.80,17.85,18.20,17.60,18.00,17.90,17.89,113154,20.24,363,74668,65.99
IVC,EQ,19-Aug-2015,17.90,18.00,18.50,17.65,18.35,18.30,18.19,309441,56.29,800,220171,71.15
IVC,EQ,20-Aug-2015,18.30,18.20,18.40,17.85,18.10,18.00,18.06,111847,20.19,370,66557,59.51
IVC,EQ,21-Aug-2015,18.00,17.70,17.70,17.45,17.65,17.55,17.58,148889,26.18,437,122493,82.27
IVC,EQ,24-Aug-2015,17.55,17.45,17.45,16.30,16.80,16.60,17.01,466950,79.44,837,375552,80.43
IVC,EQ,25-Aug-2015,16.60,16.80,16.90,16.10,16.70,16.70,16.55,241317,39.95,699,175770,72.84
IVC,EQ,26-Aug-2015,16.70,17.50,17.50,16.25,16.45,16.35,16.63,322441,53.61,802,220478,68.38
IVC,EQ,27-Aug-2015,16.35,16.50,17.25,16.45,16.80,16.80,16.84,251647,42.37,716,145706,57.90
IVC,EQ,28-Aug-2015,16.80,17.25,17.55,16.45,16.85,16.70,16.86,330030,55.63,662,214667,65.04
IVC,EQ,31-Aug-2015,16.70,16.70,17.00,16.55,16.80,16.80,16.79,102666,17.24,460,57938,56.43
IVC,EQ,01-Sep-2015,16.80,16.95,17.00,16.65,16.80,16.80,16.76,120151,20.14,337,97815,81.41
IVC,EQ,02-Sep-2015,16.80,16.80,17.30,16.70,16.95,17.00,17.08,93285,15.93,339,54586,58.52
IVC,EQ,03-Sep-2015,17.00,17.00,17.25,16.90,17.00,17.00,17.07,70212,11.98,227,48012,68.38
IVC,EQ,04-Sep-2015,17.00,16.90,17.20,16.55,17.00,17.00,16.83,96023,16.16,278,65960,68.69
IVC,EQ,07-Sep-2015,17.00,16.90,17.10,16.30,16.75,16.55,16.72,256726,42.92,395,194532,75.77
IVC,EQ,08-Sep-2015,16.55,16.55,16.95,16.50,16.80,16.80,16.71,109285,18.26,340,77361,70.79
IVC,EQ,09-Sep-2015,16.80,17.00,17.10,16.85,17.10,17.05,17.00,76175,12.95,237,48306,63.41
IVC,EQ,10-Sep-2015,17.05,17.35,19.60,17.15,18.50,18.65,18.58,674779,125.34,2317,422780,62.65
IVC,EQ,11-Sep-2015,18.65,18.75,19.35,18.10,18.20,18.20,18.46,227085,41.91,1030,162100,71.38
IVC,EQ,14-Sep-2015,18.20,18.45,18.75,18.20,18.65,18.40,18.50,57037,10.55,309,40697,71.35
IVC,EQ,15-Sep-2015,18.40,18.40,18.85,18.00,18.20,18.20,18.41,77021,14.18,293,58543,76.01
IVC,EQ,16-Sep-2015,18.20,18.20,18.45,17.90,18.00,18.00,18.12,106459,19.29,303,74820,70.28
IVC,EQ,18-Sep-2015,18.00,18.10,18.85,18.05,18.15,18.25,18.35,57524,10.55,283,43206,75.11
IVC,EQ,21-Sep-2015,18.25,18.10,18.30,17.65,18.25,18.20,18.11,49809,9.02,197,28765,57.75
IVC,EQ,22-Sep-2015,18.20,18.05,18.30,17.90,18.15,18.00,18.08,65925,11.92,270,38271,58.05
IVC,EQ,23-Sep-2015,18.00,18.10,18.10,17.25,17.60,17.55,17.66,120645,21.31,519,69020,57.21
IVC,EQ,24-Sep-2015,17.55,17.75,18.00,17.10,17.55,17.50,17.54,82339,14.44,433,48317,58.68
IVC,EQ,28-Sep-2015,17.50,17.95,17.95,17.40,17.60,17.50,17.65,38100,6.72,198,27725,72.77
IVC,EQ,29-Sep-2015,17.50,17.50,17.75,17.30,17.40,17.45,17.54,77958,13.67,304,49425,63.40
IVC,EQ,30-Sep-2015,17.45,17.60,17.75,17.50,17.65,17.60,17.66,32689,5.77,160,21875,66.92
IVC,EQ,01-Oct-2015,17.60,18.00,18.60,17.65,18.25,18.10,18.05,197072,35.56,531,148801,75.51
IVC,EQ,05-Oct-2015,18.10,18.35,18.90,17.70,18.65,18.75,18.40,308991,56.84,677,247860,80.22
IVC,EQ,06-Oct-2015,18.75,18.65,18.90,18.25,18.35,18.40,18.50,114589,21.20,360,89395,78.01
IVC,EQ,07-Oct-2015,18.40,18.40,18.85,17.90,18.75,18.60,18.52,163481,30.27,660,83149,50.86
IVC,EQ,08-Oct-2015,18.60,18.60,19.00,18.60,19.00,18.90,18.78,160727,30.19,447,116752,72.64
IVC,EQ,09-Oct-2015,18.90,18.95,19.35,18.75,18.75,18.90,19.02,159986,30.44,563,101500,63.44
IVC,EQ,12-Oct-2015,18.90,19.00,19.00,18.30,18.45,18.40,18.64,178934,33.34,629,111827,62.50
IVC,EQ,13-Oct-2015,18.40,18.30,18.65,18.30,18.55,18.55,18.48,87719,16.21,290,42202,48.11
IVC,EQ,14-Oct-2015,18.55,18.55,18.95,18.50,18.75,18.75,18.79,112138,21.07,313,62805,56.01
IVC,EQ,15-Oct-2015,18.75,18.75,18.90,18.65,18.70,18.70,18.77,52711,9.90,232,30742,58.32
IVC,EQ,16-Oct-2015,18.70,18.85,19.15,18.60,18.65,18.70,18.83,153893,28.98,445,79544,51.69
IVC,EQ,19-Oct-2015,18.70,18.80,18.90,17.95,18.30,18.20,18.40,237344,43.67,609,173658,73.17
IVC,EQ,20-Oct-2015,18.20,18.35,18.50,18.25,18.45,18.40,18.40,69605,12.80,255,48889,70.24
IVC,EQ,21-Oct-2015,18.40,18.40,18.65,18.10,18.30,18.15,18.24,98362,17.94,352,73044,74.26
IVC,EQ,23-Oct-2015,18.15,18.50,18.60,18.15,18.25,18.20,18.29,37096,6.78,189,21119,56.93
IVC,EQ,26-Oct-2015,18.20,18.70,18.70,18.00,18.25,18.20,18.16,93143,16.91,250,55720,59.82
IVC,EQ,27-Oct-2015,18.20,18.25,18.40,17.85,18.25,18.20,18.11,49583,8.98,180,28140,56.75
IVC,EQ,28-Oct-2015,18.20,18.45,18.45,17.75,17.95,17.90,17.98,145170,26.10,447,105597,72.74
IVC,EQ,29-Oct-2015,17.90,17.95,18.25,17.90,17.95,17.95,17.96,66281,11.91,169,39556,59.68
IVC,EQ,30-Oct-2015,17.95,18.00,18.15,17.70,18.00,17.95,17.87,106274,18.99,271,83516,78.59
IVC,EQ,02-Nov-2015,17.95,18.15,18.35,17.55,18.05,17.95,17.86,97168,17.36,323,49746,51.20
IVC,EQ,03-Nov-2015,17.95,17.85,18.20,17.80,17.80,17.85,18.04,66713,12.04,189,47424,71.09
IVC,EQ,04-Nov-2015,17.85,18.00,18.20,17.70,17.75,17.80,17.86,86735,15.49,335,49532,57.11
IVC,EQ,05-Nov-2015,17.80,17.70,18.00,17.70,18.00,17.90,17.87,64447,11.52,255,35869,55.66
IVC,EQ,06-Nov-2015,17.90,17.95,17.95,17.45,17.70,17.65,17.65,61819,10.91,228,46130,74.62
IVC,EQ,09-Nov-2015,17.65,17.50,17.85,17.00,17.80,17.80,17.65,108494,19.15,324,80958,74.62
IVC,EQ,10-Nov-2015,17.80,17.70,18.15,17.65,17.70,17.70,17.84,211110,37.66,602,93019,44.06
IVC,EQ,11-Nov-2015,17.70,17.95,18.90,17.70,18.40,18.20,18.25,160406,29.28,389,81406,50.75
IVC,EQ,13-Nov-2015,18.20,18.25,18.25,17.95,18.20,18.15,18.11,60193,10.90,269,42233,70.16
IVC,EQ,16-Nov-2015,18.15,18.10,18.30,17.75,17.90,17.80,17.91,85078,15.24,407,53916,63.37
IVC,EQ,17-Nov-2015,17.80,18.05,18.05,17.70,18.00,17.90,17.93,88536,15.88,288,73297,82.79
IVC,EQ,18-Nov-2015,17.90,17.70,18.15,17.70,18.00,17.95,17.92,60984,10.93,303,41215,67.58
IVC,EQ,19-Nov-2015,17.95,18.00,18.15,17.85,18.15,18.05,18.01,126167,22.73,435,81255,64.40
IVC,EQ,20-Nov-2015,18.05,18.00,18.15,17.90,18.10,18.00,18.03,70938,12.79,311,45321,63.89
IVC,EQ,23-Nov-2015,18.00,17.75,18.10,17.75,18.00,17.95,17.92,81055,14.53,288,47889,59.08
IVC,EQ,24-Nov-2015,17.95,18.00,18.30,17.90,17.95,18.00,18.00,64239,11.56,274,40398,62.89
IVC,EQ,26-Nov-2015,18.00,18.25,19.30,17.80,18.65,18.70,18.80,283026,53.21,885,157352,55.60
IVC,EQ,27-Nov-2015,18.70,18.55,19.10,18.50,18.65,18.75,18.82,104889,19.74,353,69256,66.03
IVC,EQ,30-Nov-2015,18.75,18.90,19.00,18.20,18.25,18.35,18.48,116578,21.54,452,64075,54.96
IVC,EQ,01-Dec-2015,18.35,18.50,18.75,18.15,18.50,18.40,18.42,133804,24.65,432,75284,56.26
IVC,EQ,02-Dec-2015,18.40,18.45,18.80,18.40,18.65,18.60,18.63,104322,19.44,299,51495,49.36
IVC,EQ,03-Dec-2015,18.60,18.40,19.70,18.40,19.50,19.50,19.23,316202,60.80,854,208826,66.04
IVC,EQ,04-Dec-2015,19.50,19.10,20.00,19.10,19.75,19.60,19.74,403345,79.64,1037,256214,63.52
IVC,EQ,07-Dec-2015,19.60,19.80,21.50,19.80,20.50,20.60,20.81,883752,183.89,1952,584910,66.18
IVC,EQ,08-Dec-2015,20.60,20.35,20.65,19.80,19.95,19.90,20.10,169845,34.14,800,108054,63.62
IVC,EQ,09-Dec-2015,19.90,19.55,20.10,18.80,19.00,18.95,19.31,148884,28.74,545,89730,60.27
IVC,EQ,10-Dec-2015,18.95,19.15,19.20,18.80,19.00,19.05,18.94,83761,15.87,325,50872,60.73
IVC,EQ,11-Dec-2015,19.05,18.70,19.80,18.70,19.15,19.30,19.35,118979,23.02,551,65293,54.88
IVC,EQ,14-Dec-2015,19.30,19.05,19.70,18.80,18.80,18.85,19.19,207594,39.83,714,111748,53.83
IVC,EQ,15-Dec-2015,18.85,19.15,19.20,18.65,18.80,18.80,18.91,70477,13.32,245,45512,64.58
IVC,EQ,16-Dec-2015,18.80,18.90,19.20,18.50,18.50,18.65,18.74,189848,35.57,501,120547,63.50
IVC,EQ,17-Dec-2015,18.65,18.75,18.80,18.25,18.65,18.50,18.46,179685,33.16,487,134145,74.66
IVC,EQ,18-Dec-2015,18.50,18.70,19.15,18.35,18.90,19.00,18.89,179440,33.89,528,107377,59.84
IVC,EQ,21-Dec-2015,19.00,19.45,19.45,18.65,19.15,19.20,19.05,127748,24.34,339,90916,71.17
IVC,EQ,22-Dec-2015,19.20,18.90,20.00,18.90,19.35,19.40,19.51,129242,25.22,527,75709,58.58
IVC,EQ,23-Dec-2015,19.40,19.40,20.20,18.40,18.50,18.65,19.18,364267,69.86,926,247471,67.94
IVC,EQ,24-Dec-2015,18.65,18.60,19.15,17.95,18.00,18.00,18.32,667656,122.28,1504,501575,75.12
IVC,EQ,28-Dec-2015,18.00,18.30,18.50,18.05,18.40,18.30,18.27,195479,35.72,490,136875,70.02
IVC,EQ,29-Dec-2015,18.30,18.45,18.65,18.30,18.65,18.55,18.47,183217,33.84,445,114283,62.38
IVC,EQ,30-Dec-2015,18.55,18.70,19.30,18.40,19.00,18.85,19.01,324443,61.67,901,185234,57.09
IVC,EQ,31-Dec-2015,18.85,18.85,19.40,18.80,19.10,19.00,19.12,516983,98.84,795,429437,83.07
IVC,EQ,01-Jan-2016,19.00,19.25,19.50,19.05,19.40,19.35,19.32,134824,26.05,493,84018,62.32
IVC,EQ,04-Jan-2016,19.35,19.35,19.70,19.10,19.50,19.30,19.35,191626,37.08,527,130893,68.31
IVC,EQ,05-Jan-2016,19.30,19.50,19.75,19.20,19.50,19.55,19.60,198174,38.83,479,130119,65.66
IVC,EQ,06-Jan-2016,19.55,19.70,20.40,19.45,19.60,19.65,19.94,329232,65.65,914,195093,59.26
IVC,EQ,07-Jan-2016,19.65,19.50,19.60,18.55,18.90,18.90,19.06,187927,35.83,637,114119,60.73
IVC,EQ,08-Jan-2016,18.90,18.95,19.35,18.85,19.00,18.95,19.07,129289,24.65,432,64611,49.97
IVC,EQ,11-Jan-2016,18.95,19.10,19.25,18.60,19.25,19.10,19.00,344024,65.38,470,232071,67.46
IVC,EQ,12-Jan-2016,19.10,19.70,20.00,19.25,19.45,19.45,19.70,391955,77.21,1052,229016,58.43
IVC,EQ,13-Jan-2016,19.45,19.30,19.85,18.70,19.10,19.05,19.17,237578,45.55,653,163602,68.86
IVC,EQ,14-Jan-2016,19.05,18.90,19.15,18.65,19.00,18.85,18.88,84523,15.95,254,61458,72.71
IVC,EQ,15-Jan-2016,18.85,18.95,19.25,18.00,18.35,18.35,18.57,168996,31.38,501,121716,72.02
IVC,EQ,18-Jan-2016,18.35,18.75,18.80,17.10,17.50,17.50,17.87,217487,38.86,643,168580,77.51
IVC,EQ,19-Jan-2016,17.50,17.50,18.50,17.35,18.05,18.05,17.89,142841,25.56,486,86607,60.63
IVC,EQ,20-Jan-2016,18.05,18.00,18.50,17.25,17.80,17.70,17.73,140110,24.84,466,88597,63.23
IVC,EQ,21-Jan-2016,17.70,18.00,18.40,17.45,17.65,17.60,17.74,76124,13.51,352,43703,57.41
IVC,EQ,22-Jan-2016,17.60,17.70,18.15,17.70,18.00,18.00,17.96,71880,12.91,246,41946,58.36
IVC,EQ,25-Jan-2016,18.00,18.20,18.35,18.00,18.10,18.15,18.15,40346,7.32,230,28769,71.31
IVC,EQ,27-Jan-2016,18.15,18.50,18.70,18.00,18.15,18.10,18.14,83476,15.15,301,63374,75.92
IVC,EQ,28-Jan-2016,18.10,18.20,18.40,18.00,18.20,18.25,18.20,70459,12.82,218,48808,69.27
IVC,EQ,29-Jan-2016,18.25,18.30,18.50,17.90,18.10,18.00,18.05,108228,19.53,302,75556,69.81
IVC,EQ,01-Feb-2016,18.00,18.40,18.40,17.95,18.10,18.00,18.14,62675,11.37,256,32958,52.59
IVC,EQ,02-Feb-2016,18.00,18.00,18.35,17.75,18.10,17.95,17.99,110483,19.88,373,61179,55.37
IVC,EQ,03-Feb-2016,17.95,17.80,18.10,17.50,17.60,17.60,17.68,86247,15.25,267,61461,71.26
IVC,EQ,04-Feb-2016,17.60,17.75,17.85,17.40,17.55,17.45,17.60,56885,10.01,199,36994,65.03
IVC,EQ,05-Feb-2016,17.45,17.75,17.95,17.20,17.50,17.55,17.60,84016,14.79,272,61108,72.73
IVC,EQ,08-Feb-2016,17.55,17.75,17.95,17.55,17.85,17.80,17.73,54114,9.60,167,46274,85.51
IVC,EQ,09-Feb-2016,17.80,17.90,17.90,17.35,17.40,17.40,17.52,116106,20.35,268,94401,81.31
IVC,EQ,10-Feb-2016,17.40,17.70,17.70,16.95,17.20,17.10,17.21,246027,42.34,405,183297,74.50
IVC,EQ,11-Feb-2016,17.10,17.05,17.30,15.90,16.00,15.95,16.32,401261,65.47,848,336406,83.84
IVC,EQ,12-Feb-2016,15.95,15.90,16.20,15.60,15.80,15.80,15.86,216477,34.33,444,161936,74.81
IVC,EQ,15-Feb-2016,15.80,16.00,16.80,15.80,16.15,16.05,16.20,163517,26.48,449,123944,75.80
IVC,EQ,16-Feb-2016,16.05,16.15,16.15,15.65,15.70,15.70,15.90,391328,62.20,607,296424,75.75
IVC,EQ,17-Feb-2016,15.70,15.95,16.40,15.70,16.40,16.30,16.08,107529,17.29,241,83964,78.08
IVC,EQ,18-Feb-2016,16.30,16.40,16.55,15.95,16.35,16.30,16.23,124786,20.26,299,77755,62.31
IVC,EQ,19-Feb-2016,16.30,16.20,16.20,14.40,16.00,16.05,15.81,108485,17.16,299,51887,47.83
IVC,EQ,22-Feb-2016,16.05,16.70,16.70,15.95,16.10,16.05,16.11,43445,7.00,166,34064,78.41
IVC,EQ,23-Feb-2016,16.05,16.40,16.40,15.90,16.00,15.95,16.03,95618,15.33,173,84915,88.81
IVC,EQ,24-Feb-2016,15.95,16.00,16.10,15.30,15.60,15.55,15.61,341886,53.38,527,260360,76.15
IVC,EQ,25-Feb-2016,15.55,15.85,15.95,15.55,15.70,15.65,15.73,44220,6.96,159,31121,70.38
IVC,EQ,26-Feb-2016,15.65,15.70,16.00,15.55,15.90,15.70,15.73,112388,17.68,287,70186,62.45
IVC,EQ,29-Feb-2016,15.70,16.00,16.15,15.15,15.20,15.35,15.48,319871,49.51,627,226768,70.89
IVC,EQ,01-Mar-2016,15.35,15.25,15.60,15.10,15.60,15.50,15.40,209595,32.27,460,143099,68.27
IVC,EQ,02-Mar-2016,15.50,16.05,16.05,15.40,15.55,15.50,15.59,318342,49.64,712,175984,55.28
IVC,EQ,03-Mar-2016,15.50,15.60,15.85,15.45,15.75,15.75,15.66,297281,46.55,588,223296,75.11
IVC,EQ,04-Mar-2016,15.75,15.75,16.20,15.70,16.10,16.10,15.94,337565,53.82,476,278553,82.52
IVC,EQ,08-Mar-2016,16.10,16.25,16.45,16.00,16.10,16.20,16.27,143971,23.42,465,96206,66.82
IVC,EQ,09-Mar-2016,16.20,16.20,16.30,16.00,16.25,16.20,16.19,57543,9.32,169,36144,62.81
IVC,EQ,10-Mar-2016,16.20,16.45,16.45,16.05,16.05,16.10,16.17,82199,13.29,265,55324,67.30
IVC,EQ,11-Mar-2016,16.10,16.10,16.40,16.00,16.05,16.05,16.12,100058,16.13,288,67135,67.10
IVC,EQ,14-Mar-2016,16.05,16.35,16.35,16.00,16.10,16.10,16.12,60409,9.74,190,44982,74.46
IVC,EQ,15-Mar-2016,16.10,16.00,16.15,15.85,15.90,15.90,15.96,79260,12.65,170,53279,67.22
IVC,EQ,16-Mar-2016,15.90,15.90,16.10,15.80,16.05,16.05,15.88,72330,11.49,228,46516,64.31
IVC,EQ,17-Mar-2016,16.05,16.10,16.35,15.90,16.00,15.90,16.04,61674,9.89,206,49716,80.61
IVC,EQ,18-Mar-2016,15.90,15.95,15.95,15.60,15.75,15.65,15.73,215936,33.97,386,187011,86.60
IVC,EQ,21-Mar-2016,15.65,15.85,16.05,15.75,15.90,15.90,15.96,131075,20.92,485,97794,74.61
IVC,EQ,22-Mar-2016,15.90,16.05,16.15,15.65,16.00,15.95,15.85,112328,17.81,353,81454,72.51
IVC,EQ,23-Mar-2016,15.95,16.00,16.10,15.65,16.05,16.00,15.90,119333,18.98,353,74952,62.81
IVC,EQ,28-Mar-2016,16.00,15.90,16.30,15.75,15.90,15.75,15.92,221890,35.33,426,137926,62.16
IVC,EQ,29-Mar-2016,15.75,16.00,16.00,15.75,15.75,15.80,15.86,151481,24.03,304,119378,78.81
IVC,EQ,30-Mar-2016,15.80,15.85,16.15,15.85,16.00,16.00,16.01,88243,14.13,148,80811,91.58
IVC,EQ,31-Mar-2016,16.00,16.20,16.20,15.95,16.05,16.00,16.04,457654,73.41,177,437038,95.50
IVC,EQ,01-Apr-2016,16.00,16.05,16.15,16.00,16.10,16.05,16.06,65801,10.57,134,49013,74.49
IVC,EQ,04-Apr-2016,16.05,16.25,16.35,16.00,16.30,16.25,16.20,69960,11.34,200,60295,86.18
IVC,EQ,05-Apr-2016,16.25,16.30,16.40,15.90,16.10,16.10,16.12,66252,10.68,218,48573,73.32
IVC,EQ,06-Apr-2016,16.10,16.10,17.05,16.10,16.75,16.75,16.66,136843,22.79,601,84189,61.52
IVC,EQ,07-Apr-2016,16.75,16.95,17.20,16.70,16.70,16.80,16.99,150493,25.57,414,102366,68.02
IVC,EQ,08-Apr-2016,16.80,17.00,17.15,16.90,17.00,17.00,17.00,83719,14.23,251,62429,74.57
IVC,EQ,11-Apr-2016,17.00,17.20,17.20,16.65,16.95,17.00,16.98,86303,14.66,237,56576,65.56
IVC,EQ,12-Apr-2016,17.00,17.00,17.25,17.00,17.20,17.15,17.08,36489,6.23,136,26485,72.58
IVC,EQ,13-Apr-2016,17.15,17.25,17.45,17.00,17.00,17.05,17.13,123374,21.14,224,102450,83.04
IVC,EQ,18-Apr-2016,17.05,17.45,17.45,16.95,17.15,17.05,17.11,171934,29.42,412,128562,74.77
IVC,EQ,20-Apr-2016,17.05,17.10,17.70,16.90,17.45,17.30,17.26,253683,43.79,454,182663,72.00
IVC,EQ,21-Apr-2016,17.30,17.50,17.80,17.30,17.65,17.55,17.57,94954,16.68,325,70823,74.59
IVC,EQ,22-Apr-2016,17.55,17.25,17.50,17.00,17.25,17.25,17.16,209234,35.91,408,141166,67.47
IVC,EQ,25-Apr-2016,17.25,17.55,17.55,17.00,17.30,17.25,17.24,98237,16.94,235,65639,66.82
IVC,EQ,26-Apr-2016,17.25,17.05,17.35,17.05,17.35,17.30,17.32,49928,8.65,149,27267,54.61
IVC,EQ,27-Apr-2016,17.30,17.45,17.55,17.10,17.40,17.40,17.33,119963,20.78,256,84565,70.49
IVC,EQ,28-Apr-2016,17.40,17.40,18.20,17.40,18.10,17.90,18.03,764727,137.89,825,680530,88.99
IVC,EQ,29-Apr-2016,17.90,18.35,18.65,17.55,18.50,18.30,18.20,330732,60.20,880,190576,57.62
IVC,EQ,02-May-2016,18.30,18.30,18.50,18.00,18.45,18.40,18.27,80307,14.67,297,62175,77.42
IVC,EQ,03-May-2016,18.40,18.50,18.50,17.50,17.65,17.65,17.95,554383,99.49,1070,284689,51.35
IVC,EQ,04-May-2016,17.65,17.65,17.90,17.15,17.35,17.30,17.31,320599,55.50,783,217720,67.91
IVC,EQ,05-May-2016,17.30,17.30,17.45,17.00,17.30,17.30,17.22,125336,21.58,340,78836,62.90
IVC,EQ,06-May-2016,17.30,17.15,17.40,17.15,17.15,17.20,17.25,102858,17.74,220,77982,75.82
IVC,EQ,09-May-2016,17.20,17.35,17.40,17.10,17.15,17.15,17.23,118997,20.50,313,96769,81.32
IVC,EQ,10-May-2016,17.15,17.05,17.20,16.80,16.80,16.95,17.01,211697,36.01,379,176620,83.43
IVC,EQ,11-May-2016,16.95,16.85,17.00,16.65,16.95,16.95,16.78,133232,22.36,1273,95769,71.88
IVC,EQ,12-May-2016,16.95,17.10,17.20,16.95,17.00,17.05,17.03,97543,16.62,194,70281,72.05
IVC,EQ,13-May-2016,17.05,17.15,17.25,16.80,16.85,16.85,16.92,156962,26.56,302,107339,68.39
IVC,EQ,16-May-2016,16.85,16.90,17.00,16.75,17.00,16.95,16.88,93202,15.73,184,65239,70.00
IVC,EQ,17-May-2016,16.95,17.10,17.20,16.85,16.85,16.90,16.97,110446,18.74,193,76060,68.87
IVC,EQ,18-May-2016,16.90,16.85,17.10,16.80,16.95,17.00,16.92,65896,11.15,139,51557,78.24
IVC,EQ,19-May-2016,17.00,17.05,17.15,16.95,17.00,17.00,17.03,80657,13.74,209,58098,72.03
IVC,EQ,20-May-2016,17.00,17.00,17.50,16.85,16.95,16.90,16.95,62466,10.59,131,50262,80.46
IVC,EQ,23-May-2016,16.90,16.95,17.35,16.90,17.25,17.25,17.20,233384,40.13,318,181216,77.65
IVC,EQ,24-May-2016,17.25,17.45,17.45,17.00,17.10,17.15,17.15,37059,6.36,117,21909,59.12
IVC,EQ,25-May-2016,17.15,17.15,17.25,16.95,16.95,17.00,17.06,40523,6.91,146,33686,83.13
IVC,EQ,26-May-2016,17.00,16.90,17.05,16.80,16.85,16.90,16.92,125729,21.27,286,105174,83.65
IVC,EQ,27-May-2016,16.90,17.00,17.10,16.85,16.90,16.90,16.96,107601,18.25,258,90592,84.19
IVC,EQ,30-May-2016,16.90,16.85,17.00,16.35,16.45,16.45,16.59,571126,94.78,686,514047,90.01
IVC,EQ,31-May-2016,16.45,16.75,16.75,15.35,15.50,15.45,15.70,1100098,172.68,1523,970695,88.24
IVC,EQ,01-Jun-2016,15.45,15.60,15.60,14.35,14.50,14.45,14.76,1609443,237.57,2243,1321721,82.12
IVC,EQ,02-Jun-2016,14.45,14.50,14.65,13.45,13.75,13.55,13.76,2245165,308.88,2398,1916547,85.36
IVC,EQ,03-Jun-2016,13.55,13.75,13.95,12.95,13.00,13.00,13.27,2806839,372.57,2359,2458086,87.57
IVC,EQ,06-Jun-2016,13.00,13.30,13.45,12.95,13.00,13.00,13.10,2190107,286.82,1698,1863001,85.06
IVC,EQ,07-Jun-2016,13.00,13.10,14.70,13.10,14.55,14.45,14.24,2204099,313.95,3384,1149509,52.15
IVC,EQ,08-Jun-2016,14.45,14.65,15.35,14.30,15.15,15.05,14.97,982668,147.06,1673,673748,68.56
IVC,EQ,09-Jun-2016,15.05,15.15,15.80,15.00,15.30,15.25,15.30,732892,112.10,1517,475056,64.82
IVC,EQ,10-Jun-2016,15.25,15.25,15.45,15.15,15.25,15.20,15.26,318270,48.58,633,226025,71.02
IVC,EQ,13-Jun-2016,15.20,15.10,15.25,14.95,15.15,15.10,15.09,242556,36.60,569,166896,68.81
IVC,EQ,14-Jun-2016,15.10,15.10,15.65,15.10,15.35,15.45,15.45,398675,61.60,766,274958,68.97
IVC,EQ,15-Jun-2016,15.45,15.65,15.90,15.35,15.60,15.70,15.69,409569,64.26,743,292446,71.40
IVC,EQ,16-Jun-2016,15.70,15.95,16.60,15.70,16.60,16.45,16.19,853144,138.15,1319,683477,80.11
IVC,EQ,17-Jun-2016,16.45,16.50,16.80,16.10,16.25,16.20,16.34,524509,85.73,862,346511,66.06
IVC,EQ,20-Jun-2016,16.20,16.25,16.50,16.20,16.30,16.25,16.32,236674,38.63,554,148498,62.74
IVC,EQ,21-Jun-2016,16.25,16.45,16.45,16.10,16.15,16.15,16.28,223129,36.32,474,172137,77.15
IVC,EQ,22-Jun-2016,16.15,16.35,16.35,15.30,16.15,16.10,16.09,170767,27.48,350,123948,72.58
IVC,EQ,23-Jun-2016,16.10,16.00,16.25,15.90,16.10,16.05,16.07,270290,43.43,452,165901,61.38
IVC,EQ,24-Jun-2016,16.05,15.90,16.10,15.45,15.85,15.90,15.76,596555,94.02,1116,369267,61.90
IVC,EQ,27-Jun-2016,15.90,15.90,16.30,15.75,16.05,16.10,16.10,234153,37.70,465,152222,65.01
IVC,EQ,28-Jun-2016,16.10,16.05,16.30,15.95,16.10,16.10,16.08,347709,55.90,528,226333,65.09
IVC,EQ,29-Jun-2016,16.10,16.25,17.20,16.20,16.75,16.70,16.72,727165,121.60,1323,484547,66.64
IVC,EQ,30-Jun-2016,16.70,16.85,17.50,16.85,17.10,17.00,17.19,527604,90.70,958,360992,68.42
IVC,EQ,01-Jul-2016,17.00,16.85,17.40,16.85,17.25,17.20,17.18,318710,54.76,579,221987,69.65
IVC,EQ,04-Jul-2016,17.20,17.20,17.70,17.20,17.65,17.60,17.49,572941,100.22,1031,458522,80.03
IVC,EQ,05-Jul-2016,17.60,17.60,17.70,17.35,17.40,17.45,17.47,372873,65.16,621,275572,73.91
IVC,EQ,07-Jul-2016,17.45,17.50,17.75,17.40,17.75,17.65,17.59,459354,80.79,824,309478,67.37
IVC,EQ,08-Jul-2016,17.65,17.70,18.30,17.60,17.90,17.95,18.04,661637,119.38,1310,429344,64.89
IVC,EQ,11-Jul-2016,17.95,18.40,18.45,18.00,18.00,18.00,18.14,248563,45.08,506,207908,83.64
IVC,EQ,12-Jul-2016,18.00,18.20,18.20,17.80,18.00,17.95,17.95,270091,48.48,474,207502,76.83
IVC,EQ,13-Jul-2016,17.95,18.15,18.15,17.80,17.85,17.80,17.90,210190,37.63,383,173734,82.66
IVC,EQ,14-Jul-2016,17.80,17.80,17.95,17.60,17.90,17.85,17.79,151144,26.89,338,122334,80.94
IVC,EQ,15-Jul-2016,17.85,17.95,17.95,17.65,17.85,17.75,17.74,228112,40.47,475,186000,81.54
IVC,EQ,18-Jul-2016,17.75,17.90,18.00,17.60,17.65,17.65,17.80,213281,37.96,477,168532,79.02
IVC,EQ,19-Jul-2016,17.65,17.90,18.00,17.45,17.80,17.75,17.76,430836,76.50,684,316281,73.41
IVC,EQ,20-Jul-2016,17.75,17.80,18.05,17.65,17.90,17.85,17.89,545263,97.52,587,375190,68.81
IVC,EQ,21-Jul-2016,17.85,17.90,18.10,17.80,17.90,17.90,17.95,396438,71.17,465,251905,63.54
IVC,EQ,22-Jul-2016,17.90,18.00,18.45,17.90,18.35,18.35,18.21,627158,114.23,774,453299,72.28
IVC,EQ,25-Jul-2016,18.35,18.50,19.15,18.35,19.00,19.05,18.85,1032301,194.54,1541,758938,73.52
IVC,EQ,26-Jul-2016,19.05,19.20,19.60,18.85,18.95,19.00,19.17,1046618,200.59,1548,741785,70.87
IVC,EQ,27-Jul-2016,19.00,19.05,19.35,18.10,18.30,18.25,18.57,941023,174.74,1222,751002,79.81
IVC,EQ,28-Jul-2016,18.25,18.45,18.80,18.20,18.35,18.35,18.47,1062078,196.13,964,806744,75.96
IVC,EQ,29-Jul-2016,18.35,16.90,17.10,16.45,16.65,16.65,16.72,989539,165.50,1589,616435,62.30
IVC,EQ,01-Aug-2016,16.65,16.70,16.95,16.10,16.30,16.25,16.33,409726,66.90,853,254782,62.18
IVC,EQ,02-Aug-2016,16.25,16.10,16.35,15.75,15.95,16.00,16.03,511670,82.00,1001,296873,58.02
IVC,EQ,03-Aug-2016,16.00,16.05,16.20,15.40,15.95,15.90,15.70,505210,79.31,838,324812,64.29
IVC,EQ,04-Aug-2016,15.90,16.00,16.20,15.55,15.60,15.65,15.79,317711,50.16,687,175392,55.20
IVC,EQ,05-Aug-2016,15.65,15.70,16.00,15.60,16.00,15.90,15.79,384550,60.72,580,229268,59.62
IVC,EQ,08-Aug-2016,15.90,16.15,16.20,15.60,15.75,15.80,15.88,849470,134.91,1018,524794,61.78
IVC,EQ,09-Aug-2016,15.80,15.10,15.35,14.30,14.75,14.65,14.79,1395752,206.47,1987,1044037,74.80
IVC,EQ,10-Aug-2016,14.65,14.75,14.75,14.50,14.65,14.65,14.61,258434,37.75,521,182275,70.53
IVC,EQ,11-Aug-2016,14.65,14.50,14.90,14.45,14.85,14.70,14.70,265500,39.04,580,162203,61.09
IVC,EQ,12-Aug-2016,14.70,14.70,14.90,14.60,14.65,14.65,14.71,308177,45.34,490,182370,59.18
IVC,EQ,16-Aug-2016,14.65,14.65,14.90,14.55,14.60,14.60,14.66,182050,26.70,371,131455,72.21
IVC,EQ,17-Aug-2016,14.60,14.55,14.70,14.15,14.35,14.35,14.50,264906,38.42,596,174745,65.96
IVC,EQ,18-Aug-2016,14.35,14.35,14.70,14.25,14.40,14.45,14.51,204913,29.74,397,125086,61.04
IVC,EQ,19-Aug-2016,14.45,14.55,15.60,13.55,14.45,14.45,14.49,526099,76.21,905,226222,43.00
IVC,EQ,22-Aug-2016,14.45,14.60,14.90,14.30,14.40,14.40,14.50,367135,53.22,563,248637,67.72
IVC,EQ,23-Aug-2016,14.40,14.40,14.70,14.40,14.60,14.60,14.56,222781,32.44,425,162011,72.72
IVC,EQ,24-Aug-2016,14.60,14.60,14.90,14.55,14.80,14.80,14.74,147048,21.67,330,97626,66.39
IVC,EQ,25-Aug-2016,14.80,14.80,15.20,14.80,15.00,15.05,15.09,376061,56.75,595,220328,58.59
IVC,EQ,26-Aug-2016,15.05,15.15,15.15,14.70,14.80,14.75,14.97,269881,40.41,455,184178,68.24
IVC,EQ,29-Aug-2016,14.75,14.75,14.85,14.55,14.75,14.70,14.75,312664,46.12,392,170157,54.42
IVC,EQ,30-Aug-2016,14.70,14.75,14.85,14.65,14.75,14.70,14.77,191729,28.31,312,116737,60.89
IVC,EQ,31-Aug-2016,14.70,14.85,15.15,14.85,14.90,14.90,14.98,246971,36.99,446,151619,61.39
IVC,EQ,01-Sep-2016,14.90,14.90,15.00,14.65,14.70,14.70,14.85,247607,36.78,390,185314,74.84
IVC,EQ,02-Sep-2016,14.70,14.70,15.10,14.60,15.10,14.90,14.86,314185,46.70,284,252245,80.29
IVC,EQ,06-Sep-2016,14.90,14.80,15.10,14.80,14.90,14.85,14.92,268933,40.12,341,204909,76.19
IVC,EQ,07-Sep-2016,14.85,14.95,15.00,14.80,14.90,14.90,14.91,211377,31.52,309,136947,64.79
IVC,EQ,08-Sep-2016,14.90,14.85,14.95,13.20,14.85,14.80,14.62,342327,50.06,524,227519,66.46
IVC,EQ,09-Sep-2016,14.80,14.80,15.65,14.55,15.20,15.35,15.23,1216956,185.36,1839,547614,45.00
IVC,EQ,12-Sep-2016,15.35,14.95,15.10,14.75,14.90,14.85,14.92,231235,34.50,452,183492,79.35
IVC,EQ,14-Sep-2016,14.85,14.85,15.05,14.85,14.95,14.90,14.95,159633,23.87,252,100669,63.06
IVC,EQ,15-Sep-2016,14.90,15.00,15.10,14.75,14.95,15.00,14.95,230016,34.39,438,180450,78.45
IVC,EQ,16-Sep-2016,15.00,15.00,15.25,14.85,14.90,14.90,15.05,246559,37.11,403,158942,64.46
IVC,EQ,19-Sep-2016,14.90,15.00,15.60,14.90,15.25,15.15,15.24,432672,65.94,960,226406,52.33
IVC,EQ,20-Sep-2016,15.15,15.15,15.40,15.05,15.10,15.15,15.18,215290,32.69,375,134180,62.33
IVC,EQ,21-Sep-2016,15.15,15.20,15.25,14.95,15.00,15.00,15.07,180826,27.26,301,90138,49.85
IVC,EQ,22-Sep-2016,15.00,15.15,15.20,14.90,15.10,15.05,15.05,171212,25.77,338,126301,73.77
IVC,EQ,23-Sep-2016,15.05,15.00,15.25,14.90,15.10,15.05,15.06,225725,33.99,360,139335,61.73
IVC,EQ,26-Sep-2016,15.05,15.00,15.10,14.90,15.00,15.00,15.00,207910,31.18,337,149574,71.94
IVC,EQ,27-Sep-2016,15.00,15.00,15.00,14.70,14.90,14.85,14.85,288859,42.91,433,186358,64.52
IVC,EQ,28-Sep-2016,14.85,15.00,15.15,14.70,14.90,14.90,14.95,250197,37.41,411,114954,45.95
IVC,EQ,29-Sep-2016,14.90,15.00,15.15,14.30,14.65,14.55,14.71,612431,90.09,1049,319808,52.22
IVC,EQ,30-Sep-2016,14.55,14.55,14.85,14.35,14.85,14.75,14.66,171735,25.18,418,108991,63.46
IVC,EQ,03-Oct-2016,14.75,14.90,15.15,14.65,14.80,14.80,14.84,316710,47.00,420,96374,30.43
IVC,EQ,04-Oct-2016,14.80,14.90,15.00,14.65,14.85,14.90,14.87,137208,20.40,268,67221,48.99
IVC,EQ,05-Oct-2016,14.90,14.95,15.15,14.80,14.95,15.00,14.98,357632,53.57,406,221385,61.90
IVC,EQ,06-Oct-2016,15.00,15.10,16.20,14.60,16.00,16.00,15.66,1725563,270.20,2430,1046301,60.64
IVC,EQ,07-Oct-2016,16.00,16.80,17.35,16.55,17.05,17.00,17.03,3394095,578.11,5091,1869749,55.09
IVC,EQ,10-Oct-2016,17.00,17.20,17.35,16.45,16.50,16.50,16.78,678987,113.94,1113,353297,52.03
IVC,EQ,13-Oct-2016,16.50,16.60,16.60,15.60,16.10,16.15,16.07,519363,83.48,856,258997,49.87
IVC,EQ,14-Oct-2016,16.15,16.25,16.40,16.05,16.05,16.10,16.18,200637,32.47,473,110477,55.06
IVC,EQ,17-Oct-2016,16.10,16.25,16.25,15.70,15.70,15.75,15.87,240888,38.23,535,182388,75.71
IVC,EQ,18-Oct-2016,15.75,15.80,16.15,15.65,15.70,15.70,15.84,472233,74.79,679,310482,65.75
IVC,EQ,19-Oct-2016,15.70,15.80,16.00,15.75,15.85,15.80,15.86,438062,69.49,577,255889,58.41
IVC,EQ,20-Oct-2016,15.80,15.95,16.00,15.75,15.85,15.85,15.88,371212,58.94,381,218383,58.83
IVC,EQ,21-Oct-2016,15.85,15.95,16.20,15.70,15.95,15.95,15.93,588038,93.69,661,290525,49.41
IVC,EQ,24-Oct-2016,15.95,16.10,16.40,15.90,15.90,16.00,16.08,754710,121.33,858,422602,56.00
IVC,EQ,25-Oct-2016,16.00,16.15,16.15,15.75,15.85,15.85,15.85,264992,42.00,430,181936,68.66
IVC,EQ,26-Oct-2016,15.85,15.90,15.90,15.70,15.80,15.80,15.81,144784,22.90,249,116374,80.38
IVC,EQ,27-Oct-2016,15.80,15.75,15.90,15.45,15.45,15.50,15.62,386658,60.40,674,270974,70.08
IVC,EQ,28-Oct-2016,15.50,15.45,15.55,15.30,15.35,15.30,15.41,417235,64.30,457,300772,72.09
IVC,EQ,30-Oct-2016,15.30,15.50,15.50,15.05,15.45,15.50,15.43,284427,43.88,371,213221,74.97
IVC,EQ,01-Nov-2016,15.50,15.50,15.50,15.05,15.25,15.20,15.20,498592,75.78,760,361655,72.54
IVC,EQ,02-Nov-2016,15.20,15.10,15.25,14.90,15.00,15.05,15.02,511375,76.79,805,362923,70.97
IVC,EQ,03-Nov-2016,15.05,15.10,15.15,14.85,14.85,14.85,14.95,250522,37.46,494,186877,74.60
IVC,EQ,04-Nov-2016,14.85,14.90,15.00,14.45,14.75,14.65,14.68,513313,75.34,928,311562,60.70
IVC,EQ,07-Nov-2016,14.65,14.90,14.95,14.75,14.80,14.85,14.86,165096,24.54,359,117021,70.88
IVC,EQ,08-Nov-2016,14.85,14.75,15.05,14.70,14.80,14.80,14.87,328039,48.78,365,264534,80.64
IVC,EQ,09-Nov-2016,14.80,13.60,14.70,13.10,14.70,14.60,14.17,624441,88.49,1009,351068,56.22
IVC,EQ,10-Nov-2016,14.60,14.90,15.00,14.30,14.80,14.80,14.87,195938,29.14,316,120899,61.70
IVC,EQ,11-Nov-2016,14.80,14.80,15.00,14.45,14.70,14.60,14.65,293658,43.03,543,210235,71.59
IVC,EQ,15-Nov-2016,14.60,14.60,15.15,14.35,14.60,14.65,14.60,577007,84.27,697,399754,69.28
IVC,EQ,16-Nov-2016,14.65,14.90,14.90,14.40,14.50,14.55,14.59,225270,32.86,359,128626,57.10
IVC,EQ,17-Nov-2016,14.55,14.60,14.80,14.10,14.25,14.30,14.43,132701,19.15,369,74789,56.36
IVC,EQ,18-Nov-2016,14.30,14.20,14.40,14.00,14.25,14.20,14.14,252834,35.76,537,125975,49.83
IVC,EQ,21-Nov-2016,14.20,14.20,14.35,13.80,14.00,14.00,14.12,189579,26.77,500,106782,56.33
IVC,EQ,22-Nov-2016,14.00,14.10,14.30,14.00,14.30,14.25,14.22,203432,28.93,379,94266,46.34
IVC,EQ,23-Nov-2016,14.25,14.20,14.45,13.70,14.30,14.35,14.25,193174,27.53,321,81009,41.94
IVC,EQ,24-Nov-2016,14.35,14.25,14.50,14.10,14.50,14.40,14.37,118983,17.09,266,83661,70.31
IVC,EQ,25-Nov-2016,14.40,14.45,14.70,14.40,14.45,14.50,14.51,284238,41.25,375,184329,64.85
IVC,EQ,28-Nov-2016,14.50,14.60,14.65,14.40,14.50,14.40,14.48,80031,11.59,221,47921,59.88
IVC,EQ,29-Nov-2016,14.40,14.65,15.05,14.65,14.70,14.75,14.84,490423,72.76,555,259221,52.86
IVC,EQ,30-Nov-2016,14.75,14.90,14.90,14.65,14.80,14.80,14.74,119451,17.61,391,82288,68.89
IVC,EQ,01-Dec-2016,14.80,14.90,14.90,14.45,14.60,14.55,14.58,220344,32.12,425,176421,80.07
IVC,EQ,02-Dec-2016,14.55,14.60,14.65,14.40,14.55,14.55,14.51,102041,14.81,177,56094,54.97
IVC,EQ,05-Dec-2016,14.55,14.65,14.85,14.40,14.50,14.45,14.49,86621,12.55,266,57045,65.86
IVC,EQ,06-Dec-2016,14.45,14.60,14.75,14.45,14.75,14.70,14.63,112943,16.53,256,47336,41.91
IVC,EQ,07-Dec-2016,14.70,14.55,15.10,14.50,14.75,14.70,14.73,259167,38.17,447,121416,46.85
IVC,EQ,08-Dec-2016,14.70,14.75,14.85,14.55,14.65,14.65,14.69,170514,25.04,242,119247,69.93
IVC,EQ,09-Dec-2016,14.65,14.75,14.75,14.60,14.70,14.70,14.70,136293,20.04,178,107792,79.09
IVC,EQ,12-Dec-2016,14.70,14.80,14.95,14.70,14.85,14.85,14.83,291884,43.28,307,208590,71.46
IVC,EQ,13-Dec-2016,14.85,14.90,14.90,14.60,14.70,14.70,14.73,88245,12.99,158,62305,70.60
IVC,EQ,14-Dec-2016,14.70,14.60,14.80,14.60,14.70,14.70,14.65,92611,13.57,195,45899,49.56
IVC,EQ,15-Dec-2016,14.70,14.60,14.70,14.50,14.60,14.55,14.59,135144,19.72,235,102007,75.48
IVC,EQ,16-Dec-2016,14.55,14.70,14.70,14.50,14.50,14.55,14.56,82243,11.98,231,50150,60.98
IVC,EQ,19-Dec-2016,14.55,14.45,14.80,14.45,14.45,14.45,14.55,214928,31.26,300,109169,50.79
IVC,EQ,20-Dec-2016,14.45,14.50,14.60,14.30,14.50,14.35,14.42,134770,19.44,265,106120,78.74
IVC,EQ,21-Dec-2016,14.35,14.35,14.55,14.25,14.50,14.40,14.43,93644,13.51,177,67996,72.61
IVC,EQ,22-Dec-2016,14.40,14.50,14.50,14.25,14.30,14.35,14.36,130435,18.73,259,82964,63.61
IVC,EQ,23-Dec-2016,14.35,14.35,14.45,14.10,14.30,14.20,14.27,98427,14.04,245,81585,82.89
IVC,EQ,26-Dec-2016,14.20,14.20,14.50,14.10,14.25,14.20,14.21,146771,20.86,267,98870,67.36
IVC,EQ,27-Dec-2016,14.20,14.30,14.35,14.00,14.30,14.20,14.14,142681,20.17,328,98783,69.23
IVC,EQ,28-Dec-2016,14.20,14.10,14.35,14.10,14.25,14.25,14.27,145107,20.71,178,102337,70.53
IVC,EQ,29-Dec-2016,14.25,14.30,14.30,14.15,14.30,14.25,14.27,99265,14.16,155,75310,75.87
IVC,EQ,30-Dec-2016,14.25,14.35,14.40,14.25,14.30,14.35,14.35,122027,17.51,167,83639,68.54
