Symbol,Series,Date,Prev Close,Open Price,High Price,Low Price,Last Price,Close Price,Average Price,Total Traded Quantity,Turnover in Lacs,No. of Trades,Deliverable Qty,% Dly Qt to Traded Qty
Symbol,Series,Date,Prev Close,Open Price,High Price,Low Price,Last Price,Close Price,Average Price,Total Traded Quantity,Turnover in Lacs,No. of Trades,Deliverable Qty,% Dly Qt to Traded Qty
ASHIMASYN,BE,02-Jan-2006,17.05,16.75,17.90,16.75,17.90,17.90,17.45,19743,3.44,-,-,-
ASHIMASYN,BE,03-Jan-2006,17.90,17.90,18.80,17.90,18.80,18.80,18.65,16810,3.13,-,-,-
ASHIMASYN,BE,04-Jan-2006,18.80,19.75,19.75,18.85,19.00,18.95,19.28,31301,6.04,-,-,-
ASHIMASYN,BE,05-Jan-2006,18.95,18.05,18.70,18.05,18.20,18.25,18.34,9660,1.77,-,-,-
ASHIMASYN,BE,06-Jan-2006,18.25,19.00,19.00,18.05,18.50,18.45,18.39,18209,3.35,-,-,-
ASHIMASYN,BE,09-Jan-2006,18.45,18.50,18.85,18.00,18.00,18.15,18.18,21534,3.92,-,-,-
ASHIMASYN,BE,10-Jan-2006,18.15,18.10,18.30,17.75,17.85,17.95,17.98,19431,3.49,-,-,-
ASHIMASYN,BE,12-Jan-2006,17.95,17.80,18.85,17.75,18.30,18.25,18.48,20224,3.74,-,-,-
ASHIMASYN,BE,13-Jan-2006,18.25,18.50,18.55,18.05,18.05,18.10,18.33,6824,1.25,-,-,-
ASHIMASYN,BE,16-Jan-2006,18.10,17.95,18.40,17.70,17.85,17.85,18.13,7050,1.28,-,-,-
ASHIMASYN,BE,17-Jan-2006,17.85,17.75,18.25,17.30,17.40,17.50,17.75,19373,3.44,-,-,-
ASHIMASYN,BE,18-Jan-2006,17.50,17.30,17.80,16.85,17.10,17.10,17.13,20823,3.57,-,-,-
ASHIMASYN,BE,19-Jan-2006,17.10,17.10,18.00,17.00,17.20,17.20,17.28,29619,5.12,-,-,-
ASHIMASYN,BE,20-Jan-2006,17.20,17.55,17.85,17.30,17.60,17.70,17.58,5751,1.01,-,-,-
ASHIMASYN,BE,23-Jan-2006,17.70,17.50,17.85,17.00,17.50,17.35,17.36,12867,2.23,-,-,-
ASHIMASYN,BE,24-Jan-2006,17.35,17.25,17.60,17.10,17.10,17.30,17.39,31948,5.56,-,-,-
ASHIMASYN,BE,25-Jan-2006,17.30,16.80,17.60,16.75,16.90,17.00,16.96,20990,3.56,-,-,-
ASHIMASYN,BE,27-Jan-2006,17.00,17.05,17.50,16.70,16.75,16.90,16.91,20064,3.39,-,-,-
ASHIMASYN,BE,30-Jan-2006,16.90,16.95,17.10,16.10,16.10,16.25,16.42,45158,7.42,-,-,-
ASHIMASYN,BE,31-Jan-2006,16.25,16.50,16.90,16.50,16.50,16.50,16.58,16270,2.70,-,-,-
ASHIMASYN,BE,01-Feb-2006,16.50,16.50,16.90,15.70,15.70,15.75,16.37,33221,5.44,-,-,-
ASHIMASYN,BE,02-Feb-2006,15.75,16.00,16.45,15.25,15.45,15.50,15.62,28344,4.43,-,-,-
ASHIMASYN,BE,03-Feb-2006,15.50,14.80,15.50,14.75,14.75,14.75,14.90,29362,4.37,-,-,-
ASHIMASYN,BE,06-Feb-2006,14.75,14.75,15.35,14.05,14.10,14.40,14.22,30452,4.33,-,-,-
ASHIMASYN,BE,07-Feb-2006,14.40,14.50,14.50,13.70,13.70,13.70,13.93,39823,5.55,-,-,-
ASHIMASYN,BE,08-Feb-2006,13.70,13.70,14.00,13.10,14.00,13.90,13.39,38580,5.17,-,-,-
ASHIMASYN,BE,10-Feb-2006,13.90,13.90,14.60,13.90,14.60,14.60,14.53,17458,2.54,-,-,-
ASHIMASYN,BE,13-Feb-2006,14.60,14.70,15.25,14.45,14.90,14.65,14.89,34692,5.17,-,-,-
ASHIMASYN,BE,14-Feb-2006,14.65,15.00,15.00,14.15,14.70,14.45,14.62,26770,3.91,-,-,-
ASHIMASYN,BE,15-Feb-2006,14.45,14.75,14.75,14.20,14.75,14.55,14.47,16527,2.39,-,-,-
ASHIMASYN,BE,16-Feb-2006,14.55,14.50,14.60,13.85,14.10,13.95,14.05,34257,4.81,-,-,-
ASHIMASYN,BE,17-Feb-2006,13.95,14.05,14.10,13.60,13.60,13.65,13.68,14117,1.93,-,-,-
ASHIMASYN,BE,20-Feb-2006,13.65,13.60,13.60,13.00,13.10,13.15,13.14,12890,1.69,-,-,-
ASHIMASYN,BE,21-Feb-2006,13.15,13.25,13.75,12.70,13.00,12.95,13.17,51273,6.75,-,-,-
ASHIMASYN,BE,22-Feb-2006,12.95,13.40,13.60,12.80,13.00,12.85,13.33,37109,4.95,-,-,-
ASHIMASYN,BE,23-Feb-2006,12.85,13.45,13.50,12.65,13.10,12.95,13.14,50848,6.68,-,-,-
ASHIMASYN,BE,24-Feb-2006,12.95,13.00,13.00,12.75,13.00,12.95,12.93,15533,2.01,-,-,-
ASHIMASYN,BE,27-Feb-2006,12.95,13.50,13.60,12.75,13.60,13.45,13.17,61765,8.13,-,-,-
ASHIMASYN,BE,28-Feb-2006,13.45,14.00,14.00,13.00,13.50,13.35,13.63,38050,5.19,-,-,-
ASHIMASYN,BE,01-Mar-2006,13.35,13.50,14.00,12.70,13.00,12.75,13.04,22515,2.94,-,-,-
ASHIMASYN,BE,02-Mar-2006,12.75,12.25,13.10,12.25,12.95,12.60,12.68,25996,3.30,-,-,-
ASHIMASYN,BE,03-Mar-2006,12.60,12.90,13.10,12.25,12.65,12.45,12.55,48901,6.14,-,-,-
ASHIMASYN,BE,06-Mar-2006,12.45,12.10,12.95,11.85,11.85,11.90,12.01,66515,7.99,-,-,-
ASHIMASYN,BE,07-Mar-2006,11.90,12.00,12.20,11.40,12.00,12.00,11.95,43233,5.17,-,-,-
ASHIMASYN,BE,08-Mar-2006,12.00,11.50,12.40,11.50,12.00,11.90,11.79,14063,1.66,-,-,-
ASHIMASYN,BE,09-Mar-2006,11.90,11.60,11.65,11.30,11.40,11.35,11.41,25555,2.92,-,-,-
ASHIMASYN,BE,10-Mar-2006,11.35,11.40,11.70,11.25,11.30,11.30,11.47,20652,2.37,-,-,-
ASHIMASYN,BE,13-Mar-2006,11.30,11.30,11.75,11.00,11.00,11.15,11.27,32189,3.63,-,-,-
ASHIMASYN,BE,14-Mar-2006,11.15,10.85,11.00,10.60,11.00,10.75,10.68,52604,5.62,-,-,-
ASHIMASYN,BE,16-Mar-2006,10.75,10.75,10.85,10.25,10.50,10.25,10.34,51251,5.30,-,-,-
ASHIMASYN,BE,17-Mar-2006,10.25,10.05,10.10,9.75,9.95,9.85,9.85,41191,4.06,-,-,-
ASHIMASYN,BE,20-Mar-2006,9.85,10.00,10.00,9.40,9.40,9.45,9.51,75778,7.21,-,-,-
ASHIMASYN,BE,21-Mar-2006,9.45,9.50,9.95,9.00,9.10,9.10,9.42,78543,7.40,-,-,-
ASHIMASYN,BE,22-Mar-2006,9.10,9.50,9.50,8.70,8.85,8.90,9.00,52183,4.69,-,-,-
ASHIMASYN,BE,23-Mar-2006,8.90,9.00,9.00,8.55,8.60,8.75,8.87,55126,4.89,-,-,-
ASHIMASYN,BE,24-Mar-2006,8.75,8.65,9.15,8.40,8.50,8.45,8.59,74283,6.38,-,-,-
ASHIMASYN,BE,27-Mar-2006,8.45,8.50,8.90,8.50,8.90,8.90,8.80,16466,1.45,-,-,-
ASHIMASYN,BE,28-Mar-2006,8.90,9.00,9.35,9.00,9.25,9.35,9.32,106822,9.96,-,-,-
ASHIMASYN,BE,29-Mar-2006,9.35,9.75,9.85,9.50,9.85,9.85,9.64,40943,3.95,-,-,-
ASHIMASYN,BE,30-Mar-2006,9.85,10.20,10.35,10.20,10.35,10.35,10.30,16978,1.75,-,-,-
ASHIMASYN,BE,31-Mar-2006,10.35,10.90,10.90,10.90,10.90,10.90,10.90,11775,1.28,-,-,-
ASHIMASYN,BE,03-Apr-2006,10.90,11.25,11.45,11.25,11.45,11.45,11.45,36430,4.17,-,-,-
ASHIMASYN,BE,04-Apr-2006,11.45,12.00,12.05,11.75,12.05,12.05,12.02,88910,10.69,-,-,-
ASHIMASYN,BE,05-Apr-2006,12.05,12.10,12.65,12.10,12.65,12.65,12.47,37012,4.62,-,-,-
ASHIMASYN,BE,07-Apr-2006,12.65,13.30,13.30,12.05,12.05,12.30,13.06,138993,18.15,-,-,-
ASHIMASYN,BE,10-Apr-2006,12.30,12.80,12.95,12.05,12.65,12.40,12.50,67248,8.41,-,-,-
ASHIMASYN,BE,12-Apr-2006,12.40,12.95,12.95,11.80,11.80,11.80,11.99,60264,7.23,-,-,-
ASHIMASYN,BE,13-Apr-2006,11.80,11.50,11.95,11.25,11.25,11.25,11.37,20084,2.28,-,-,-
ASHIMASYN,BE,17-Apr-2006,11.25,11.75,11.80,10.70,10.70,10.85,10.80,42940,4.64,-,-,-
ASHIMASYN,BE,18-Apr-2006,10.85,10.35,11.35,10.35,10.55,10.75,10.88,24606,2.68,-,-,-
ASHIMASYN,BE,19-Apr-2006,10.75,10.35,11.30,10.25,10.30,10.40,10.50,25980,2.73,-,-,-
ASHIMASYN,BE,20-Apr-2006,10.40,10.30,10.90,10.10,10.30,10.45,10.46,39970,4.18,-,-,-
ASHIMASYN,BE,21-Apr-2006,10.45,10.05,10.60,10.00,10.25,10.10,10.20,23675,2.41,-,-,-
ASHIMASYN,BE,24-Apr-2006,10.10,10.25,10.60,10.10,10.10,10.20,10.31,27880,2.88,-,-,-
ASHIMASYN,BE,25-Apr-2006,10.20,10.45,10.50,9.75,9.75,9.85,10.07,23843,2.40,-,-,-
ASHIMASYN,BE,26-Apr-2006,9.85,10.35,10.35,9.80,10.35,10.35,10.19,13710,1.40,-,-,-
ASHIMASYN,BE,27-Apr-2006,10.35,10.90,10.90,10.70,10.70,10.85,10.87,27719,3.01,-,-,-
ASHIMASYN,BE,28-Apr-2006,10.85,10.70,10.80,10.35,10.40,10.40,10.50,17910,1.88,-,-,-
ASHIMASYN,BE,29-Apr-2006,10.40,10.25,10.95,10.25,10.95,10.95,10.63,4208,0.45,-,-,-
ASHIMASYN,BE,02-May-2006,10.95,11.50,11.50,11.50,11.50,11.50,11.50,47600,5.47,-,-,-
ASHIMASYN,BE,03-May-2006,11.50,11.90,12.05,11.50,11.50,11.55,11.81,40451,4.78,-,-,-
ASHIMASYN,BE,04-May-2006,11.55,12.00,12.00,11.20,11.70,11.50,11.64,24000,2.79,-,-,-
ASHIMASYN,BE,05-May-2006,11.50,11.50,12.00,10.95,11.45,11.10,11.38,43371,4.94,-,-,-
ASHIMASYN,BE,08-May-2006,11.10,11.10,11.70,11.00,11.55,11.40,11.42,56930,6.50,-,-,-
ASHIMASYN,BE,09-May-2006,11.40,11.80,12.00,11.40,11.50,11.55,11.88,75145,8.93,-,-,-
ASHIMASYN,BE,10-May-2006,11.55,11.75,12.00,11.00,12.00,11.90,11.73,48988,5.75,-,-,-
ASHIMASYN,BE,11-May-2006,11.90,12.35,12.50,11.35,11.80,11.50,11.69,44285,5.18,-,-,-
ASHIMASYN,BE,12-May-2006,11.50,11.40,11.65,11.00,11.25,11.10,11.19,16994,1.90,-,-,-
ASHIMASYN,BE,15-May-2006,11.10,11.00,11.70,10.55,10.55,10.70,11.24,31500,3.54,-,-,-
ASHIMASYN,BE,16-May-2006,10.70,10.50,10.75,10.20,10.20,10.20,10.28,37440,3.85,-,-,-
ASHIMASYN,BE,17-May-2006,10.20,10.10,10.75,10.10,10.75,10.75,10.71,27402,2.93,-,-,-
ASHIMASYN,BE,18-May-2006,10.75,11.00,11.15,10.25,10.25,10.35,10.38,31901,3.31,-,-,-
ASHIMASYN,BE,19-May-2006,10.35,10.50,10.75,9.85,9.85,9.85,9.99,33325,3.33,-,-,-
ASHIMASYN,BE,22-May-2006,9.85,9.85,10.30,9.40,9.40,9.40,9.60,6705,0.64,-,-,-
ASHIMASYN,BE,23-May-2006,9.40,9.55,9.90,9.00,9.80,9.80,9.65,21740,2.10,-,-,-
ASHIMASYN,BE,24-May-2006,9.80,9.60,10.25,9.40,9.50,9.40,9.61,22625,2.17,-,-,-
ASHIMASYN,BE,25-May-2006,9.40,9.30,9.75,9.10,9.30,9.35,9.50,11818,1.12,-,-,-
ASHIMASYN,BE,26-May-2006,9.35,9.20,9.80,9.20,9.25,9.30,9.41,17806,1.68,-,-,-
ASHIMASYN,BE,29-May-2006,9.30,9.20,9.75,9.00,9.60,9.50,9.25,17586,1.63,-,-,-
ASHIMASYN,BE,30-May-2006,9.50,9.50,9.50,9.10,9.40,9.20,9.23,16112,1.49,-,-,-
ASHIMASYN,BE,31-May-2006,9.20,9.15,9.40,8.75,9.25,9.10,8.89,28640,2.55,-,-,-
ASHIMASYN,BE,01-Jun-2006,9.10,9.30,9.50,8.80,8.85,8.85,9.21,30880,2.85,-,-,-
ASHIMASYN,BE,02-Jun-2006,8.85,8.95,9.30,8.45,8.70,9.15,8.81,36196,3.19,-,-,-
ASHIMASYN,BE,05-Jun-2006,9.15,9.00,9.00,8.70,8.70,8.70,8.77,16396,1.44,-,-,-
ASHIMASYN,BE,06-Jun-2006,8.70,8.70,8.70,8.30,8.30,8.30,8.46,7575,0.64,-,-,-
ASHIMASYN,BE,07-Jun-2006,8.30,8.15,8.15,7.90,7.90,7.90,7.93,25575,2.03,-,-,-
ASHIMASYN,BE,08-Jun-2006,7.90,8.20,8.25,7.50,7.50,7.50,7.60,24583,1.87,-,-,-
ASHIMASYN,BE,09-Jun-2006,7.50,7.50,7.90,7.20,7.90,7.60,7.45,32888,2.45,-,-,-
ASHIMASYN,EQ,12-Jun-2006,7.60,7.55,7.55,7.25,7.45,7.40,7.34,21028,1.54,-,19053,90.61
ASHIMASYN,EQ,13-Jun-2006,7.40,7.40,7.75,7.10,7.65,7.55,7.45,12519,0.93,-,11614,92.77
ASHIMASYN,EQ,14-Jun-2006,7.55,7.75,7.75,7.20,7.20,7.20,7.31,39734,2.90,-,32289,81.26
ASHIMASYN,EQ,15-Jun-2006,7.20,7.00,7.55,7.00,7.55,7.55,7.41,17824,1.32,-,14975,84.02
ASHIMASYN,EQ,16-Jun-2006,7.55,7.75,7.95,7.50,7.70,7.70,7.81,21052,1.64,-,18843,89.51
ASHIMASYN,EQ,19-Jun-2006,7.70,7.90,8.10,7.75,8.10,8.10,7.97,8205,0.65,-,6885,83.91
ASHIMASYN,EQ,20-Jun-2006,8.10,8.40,8.55,8.40,8.55,8.55,8.49,7250,0.62,-,6950,95.86
ASHIMASYN,EQ,21-Jun-2006,8.55,9.00,9.00,9.00,9.00,9.00,9.00,6360,0.57,-,5960,93.71
ASHIMASYN,EQ,22-Jun-2006,9.00,9.45,9.45,9.40,9.45,9.45,9.45,9570,0.90,-,9570,100.00
ASHIMASYN,EQ,23-Jun-2006,9.45,9.95,9.95,9.10,9.95,9.85,9.77,28921,2.83,-,26764,92.54
ASHIMASYN,EQ,25-Jun-2006,9.85,9.75,9.75,9.40,9.50,9.60,9.61,7374,0.71,-,6874,93.22
ASHIMASYN,EQ,26-Jun-2006,9.60,10.00,10.10,9.20,9.80,9.75,9.69,17362,1.68,-,9137,52.63
ASHIMASYN,EQ,27-Jun-2006,9.75,10.00,10.00,9.30,9.30,9.30,9.44,12096,1.14,-,11795,97.51
ASHIMASYN,EQ,28-Jun-2006,9.30,9.00,9.70,8.85,9.00,9.00,9.30,9416,0.88,-,8000,84.96
ASHIMASYN,EQ,29-Jun-2006,9.00,9.45,9.45,8.80,8.90,8.90,8.97,5003,0.45,-,4400,87.95
ASHIMASYN,BE,30-Jun-2006,8.90,8.55,9.30,8.50,8.90,8.75,8.87,17417,1.54,-,-,-
ASHIMASYN,BE,03-Jul-2006,8.75,8.90,9.20,8.55,9.15,9.05,8.92,21581,1.92,-,-,-
ASHIMASYN,BE,04-Jul-2006,9.05,8.80,9.50,8.70,9.40,9.00,9.04,4345,0.39,-,-,-
ASHIMASYN,BE,05-Jul-2006,9.00,8.95,9.45,8.70,9.00,9.00,9.14,8002,0.73,-,-,-
ASHIMASYN,BE,06-Jul-2006,9.00,9.35,9.40,8.95,9.40,9.20,9.28,8225,0.76,-,-,-
ASHIMASYN,BE,07-Jul-2006,9.20,9.60,9.60,8.90,8.90,8.90,9.07,4252,0.39,-,-,-
ASHIMASYN,BE,10-Jul-2006,8.90,8.90,9.15,8.55,8.60,8.90,8.96,6964,0.62,-,-,-
ASHIMASYN,BE,11-Jul-2006,8.90,8.95,9.20,8.85,8.85,8.95,9.01,2060,0.19,-,-,-
ASHIMASYN,BE,12-Jul-2006,8.95,9.25,9.30,8.95,9.10,9.05,9.18,4249,0.39,-,-,-
ASHIMASYN,BE,13-Jul-2006,9.05,9.20,9.40,8.70,9.30,9.20,9.16,19421,1.78,-,-,-
ASHIMASYN,BE,14-Jul-2006,9.20,9.40,9.45,9.00,9.40,9.35,9.25,21330,1.97,-,-,-
ASHIMASYN,BE,17-Jul-2006,9.35,9.80,9.85,9.60,9.85,9.85,9.79,32063,3.14,-,-,-
ASHIMASYN,BE,18-Jul-2006,9.85,10.35,10.35,9.75,10.00,9.85,10.09,29342,2.96,-,-,-
ASHIMASYN,BE,19-Jul-2006,9.85,10.35,10.35,9.40,9.40,9.40,9.69,22253,2.16,-,-,-
ASHIMASYN,BE,20-Jul-2006,9.40,9.50,9.85,9.00,9.45,9.65,9.26,29168,2.70,-,-,-
ASHIMASYN,BE,21-Jul-2006,9.65,9.70,9.70,9.20,9.20,9.20,9.33,4549,0.42,-,-,-
ASHIMASYN,BE,24-Jul-2006,9.20,9.60,9.60,8.75,8.80,8.90,8.95,12749,1.14,-,-,-
ASHIMASYN,BE,25-Jul-2006,8.90,8.65,9.20,8.65,9.10,8.95,8.95,11960,1.07,-,-,-
ASHIMASYN,BE,26-Jul-2006,8.95,9.00,9.10,8.60,8.90,8.95,8.89,5690,0.51,-,-,-
ASHIMASYN,BE,27-Jul-2006,8.95,9.30,9.35,9.05,9.35,9.30,9.25,9488,0.88,-,-,-
ASHIMASYN,BE,28-Jul-2006,9.30,9.50,9.70,9.25,9.30,9.30,9.34,19690,1.84,-,-,-
ASHIMASYN,BE,31-Jul-2006,9.30,9.30,9.45,9.20,9.45,9.40,9.30,12385,1.15,-,-,-
ASHIMASYN,BE,01-Aug-2006,9.40,9.30,9.30,9.10,9.20,9.25,9.23,8940,0.83,-,-,-
ASHIMASYN,BE,02-Aug-2006,9.25,9.25,9.35,8.85,9.20,9.10,9.04,12504,1.13,-,-,-
ASHIMASYN,BE,03-Aug-2006,9.10,9.00,9.35,8.95,9.00,9.00,9.05,20936,1.89,-,-,-
ASHIMASYN,BE,04-Aug-2006,9.00,9.10,9.35,9.00,9.25,9.20,9.09,7260,0.66,-,-,-
ASHIMASYN,BE,07-Aug-2006,9.20,9.00,9.30,8.90,9.00,9.00,9.02,5784,0.52,-,-,-
ASHIMASYN,BE,08-Aug-2006,9.00,9.00,9.20,8.65,9.00,9.00,8.91,8132,0.72,-,-,-
ASHIMASYN,BE,09-Aug-2006,9.00,8.70,9.45,8.70,9.20,9.20,9.02,11531,1.04,-,-,-
ASHIMASYN,BE,10-Aug-2006,9.20,8.95,9.20,8.85,9.05,9.05,9.00,8260,0.74,-,-,-
ASHIMASYN,BE,11-Aug-2006,9.05,9.30,9.35,9.00,9.10,9.05,9.05,9056,0.82,-,-,-
ASHIMASYN,BE,14-Aug-2006,9.05,9.25,9.50,9.05,9.35,9.25,9.29,21239,1.97,-,-,-
ASHIMASYN,BE,16-Aug-2006,9.25,9.50,9.75,9.30,9.60,9.55,9.62,15767,1.52,-,-,-
ASHIMASYN,BE,17-Aug-2006,9.55,9.65,9.70,9.35,9.35,9.45,9.58,16640,1.59,-,-,-
ASHIMASYN,BE,18-Aug-2006,9.45,9.60,9.80,9.30,9.60,9.55,9.61,17436,1.68,-,-,-
ASHIMASYN,BE,21-Aug-2006,9.55,9.60,9.70,9.20,9.30,9.55,9.46,7710,0.73,-,-,-
ASHIMASYN,BE,22-Aug-2006,9.55,9.70,9.75,9.30,9.60,9.60,9.56,6107,0.58,-,-,-
ASHIMASYN,BE,23-Aug-2006,9.60,9.60,9.70,9.20,9.25,9.25,9.50,11808,1.12,-,-,-
ASHIMASYN,BE,24-Aug-2006,9.25,9.30,9.75,9.20,9.55,9.65,9.46,32193,3.04,-,-,-
ASHIMASYN,BE,25-Aug-2006,9.65,9.50,10.15,9.30,9.85,9.85,9.86,23375,2.31,-,-,-
ASHIMASYN,EQ,28-Aug-2006,9.85,9.80,10.20,9.70,9.80,9.90,10.03,48394,4.85,-,42256,87.32
ASHIMASYN,EQ,29-Aug-2006,9.90,10.00,10.20,9.60,10.10,9.95,9.97,32936,3.28,-,24644,74.82
ASHIMASYN,EQ,30-Aug-2006,9.95,10.10,10.10,9.55,9.75,9.75,9.87,23954,2.36,-,14733,61.51
ASHIMASYN,EQ,31-Aug-2006,9.75,9.95,9.95,9.30,9.45,9.35,9.48,18635,1.77,-,17540,94.12
ASHIMASYN,EQ,01-Sep-2006,9.35,9.20,9.70,9.05,9.50,9.50,9.43,16353,1.54,-,13119,80.22
ASHIMASYN,EQ,04-Sep-2006,9.50,9.80,10.00,9.30,9.50,9.50,9.56,15163,1.45,-,11155,73.57
ASHIMASYN,EQ,05-Sep-2006,9.50,9.40,9.50,9.25,9.35,9.35,9.37,9760,0.91,-,7903,80.97
ASHIMASYN,EQ,06-Sep-2006,9.35,9.35,9.60,9.20,9.20,9.20,9.29,14200,1.32,-,12000,84.51
ASHIMASYN,EQ,07-Sep-2006,9.20,9.30,9.50,9.15,9.50,9.45,9.29,11963,1.11,-,9912,82.86
ASHIMASYN,EQ,08-Sep-2006,9.45,9.55,9.90,9.40,9.70,9.65,9.64,25778,2.48,-,23678,91.85
ASHIMASYN,EQ,11-Sep-2006,9.65,9.65,9.90,9.20,9.40,9.35,9.61,56179,5.40,-,47875,85.22
ASHIMASYN,EQ,12-Sep-2006,9.35,9.40,9.85,9.15,9.85,9.85,9.65,35614,3.44,-,24026,67.46
ASHIMASYN,EQ,13-Sep-2006,9.85,10.05,10.05,9.55,9.75,9.75,9.81,29023,2.85,-,24660,84.97
ASHIMASYN,EQ,14-Sep-2006,9.75,9.70,10.00,9.50,9.55,9.65,9.77,26575,2.60,-,21900,82.41
ASHIMASYN,EQ,15-Sep-2006,9.65,9.50,9.75,9.25,9.70,9.45,9.52,30616,2.92,-,24300,79.37
ASHIMASYN,EQ,18-Sep-2006,9.45,9.30,9.65,9.30,9.45,9.50,9.51,19819,1.88,-,18318,92.43
ASHIMASYN,EQ,19-Sep-2006,9.50,9.00,9.50,9.00,9.20,9.20,9.30,26228,2.44,-,22200,84.64
ASHIMASYN,EQ,20-Sep-2006,9.20,9.70,9.70,9.20,9.45,9.30,9.26,13611,1.26,-,12790,93.97
ASHIMASYN,EQ,21-Sep-2006,9.30,9.35,9.45,9.10,9.35,9.35,9.26,13200,1.22,-,11446,86.71
ASHIMASYN,EQ,22-Sep-2006,9.35,9.20,9.30,9.00,9.00,9.10,9.13,12857,1.17,-,12168,94.64
ASHIMASYN,EQ,25-Sep-2006,9.10,9.10,9.20,9.00,9.00,9.00,9.04,20209,1.83,-,18732,92.69
ASHIMASYN,EQ,26-Sep-2006,9.00,9.10,9.25,8.90,9.15,9.10,9.03,12824,1.16,-,11504,89.71
ASHIMASYN,EQ,27-Sep-2006,9.10,8.95,9.20,8.90,8.95,8.95,8.97,21853,1.96,-,20300,92.89
ASHIMASYN,EQ,28-Sep-2006,8.95,9.15,9.35,8.55,9.35,9.20,9.07,7937,0.72,-,7605,95.82
ASHIMASYN,EQ,29-Sep-2006,9.20,9.10,9.40,9.10,9.10,9.10,9.17,3900,0.36,-,3822,98.00
ASHIMASYN,EQ,03-Oct-2006,9.10,9.10,10.00,9.10,9.50,9.45,9.39,20106,1.89,-,16100,80.08
ASHIMASYN,EQ,04-Oct-2006,9.45,9.50,9.70,9.20,9.35,9.45,9.44,26220,2.47,-,21103,80.48
ASHIMASYN,EQ,05-Oct-2006,9.45,9.45,9.65,9.10,9.65,9.55,9.42,27111,2.55,-,24552,90.56
ASHIMASYN,EQ,06-Oct-2006,9.55,9.50,9.65,9.35,9.65,9.50,9.50,12682,1.20,-,12176,96.01
ASHIMASYN,EQ,09-Oct-2006,9.50,9.65,10.45,9.55,10.45,10.45,10.22,36943,3.78,-,32190,87.13
ASHIMASYN,EQ,10-Oct-2006,10.45,11.40,11.50,11.40,11.50,11.50,11.49,33543,3.85,-,27743,82.71
ASHIMASYN,EQ,11-Oct-2006,11.50,12.05,12.10,11.80,12.10,12.10,12.06,108883,13.14,-,95423,87.64
ASHIMASYN,EQ,12-Oct-2006,12.10,12.50,12.60,11.55,12.20,12.25,12.26,117203,14.37,-,87767,74.88
ASHIMASYN,EQ,13-Oct-2006,12.25,11.75,12.60,11.65,12.50,12.20,11.93,93054,11.10,-,72654,78.08
ASHIMASYN,EQ,16-Oct-2006,12.20,12.20,12.40,11.60,11.65,11.70,12.11,80949,9.80,-,63526,78.48
ASHIMASYN,EQ,17-Oct-2006,11.70,11.35,11.70,11.20,11.60,11.50,11.42,54582,6.23,-,49749,91.15
ASHIMASYN,EQ,18-Oct-2006,11.50,11.15,11.70,11.15,11.15,11.30,11.49,25203,2.90,-,22136,87.83
ASHIMASYN,EQ,19-Oct-2006,11.30,10.80,11.10,10.75,10.75,10.75,10.80,16335,1.76,-,15860,97.09
ASHIMASYN,BE,20-Oct-2006,10.75,10.75,11.30,10.30,11.00,11.00,10.98,8731,0.96,-,-,-
ASHIMASYN,BE,21-Oct-2006,11.00,11.45,11.45,10.55,11.20,10.75,10.86,9005,0.98,-,-,-
ASHIMASYN,BE,23-Oct-2006,10.75,10.70,11.30,10.65,10.70,11.10,11.01,9074,1.00,-,-,-
ASHIMASYN,BE,26-Oct-2006,11.10,10.95,11.25,10.95,11.25,11.20,11.12,4750,0.53,-,-,-
ASHIMASYN,BE,27-Oct-2006,11.20,11.15,11.30,10.75,11.05,11.00,11.02,14292,1.58,-,-,-
ASHIMASYN,BE,30-Oct-2006,11.00,10.75,10.95,10.50,10.55,10.55,10.64,7752,0.82,-,-,-
ASHIMASYN,BE,31-Oct-2006,10.55,10.10,10.85,10.10,10.60,10.75,10.55,35175,3.71,-,-,-
ASHIMASYN,BE,01-Nov-2006,10.75,10.55,10.70,10.25,10.30,10.40,10.47,14432,1.51,-,-,-
ASHIMASYN,BE,02-Nov-2006,10.40,10.30,10.50,10.00,10.10,10.10,10.23,3642,0.37,-,-,-
ASHIMASYN,BE,03-Nov-2006,10.10,10.20,10.25,9.90,9.90,9.90,10.05,20604,2.07,-,-,-
ASHIMASYN,BE,06-Nov-2006,9.90,9.90,9.95,9.50,9.65,9.55,9.74,25229,2.46,-,-,-
ASHIMASYN,BE,07-Nov-2006,9.55,9.70,10.05,9.55,10.05,10.05,9.93,16450,1.63,-,-,-
ASHIMASYN,BE,08-Nov-2006,10.05,10.50,10.55,9.55,9.60,9.70,10.02,32691,3.28,-,-,-
ASHIMASYN,BE,09-Nov-2006,9.70,9.60,9.95,9.30,9.75,9.45,9.47,31723,3.01,-,-,-
ASHIMASYN,BE,10-Nov-2006,9.45,9.50,9.50,9.00,9.30,9.15,9.09,49775,4.53,-,-,-
ASHIMASYN,BE,13-Nov-2006,9.15,9.50,9.65,9.30,9.30,9.35,9.45,12626,1.19,-,-,-
ASHIMASYN,BE,14-Nov-2006,9.35,9.80,9.85,9.40,9.75,9.75,9.65,11000,1.06,-,-,-
ASHIMASYN,BE,15-Nov-2006,9.75,9.35,9.40,9.30,9.35,9.35,9.33,13242,1.24,-,-,-
ASHIMASYN,BE,16-Nov-2006,9.35,9.25,9.60,9.00,9.40,9.40,9.25,4975,0.46,-,-,-
ASHIMASYN,BE,17-Nov-2006,9.40,9.40,9.45,9.00,9.05,9.05,9.14,16524,1.51,-,-,-
ASHIMASYN,BE,20-Nov-2006,9.05,8.70,9.15,8.60,9.15,9.15,8.88,11350,1.01,-,-,-
ASHIMASYN,BE,21-Nov-2006,9.15,9.15,9.65,9.15,9.40,9.55,9.50,26655,2.53,-,-,-
ASHIMASYN,BE,22-Nov-2006,9.55,9.75,9.90,9.35,9.70,9.55,9.57,13885,1.33,-,-,-
ASHIMASYN,BE,23-Nov-2006,9.55,9.30,10.05,9.30,9.55,9.65,9.79,32460,3.18,-,-,-
ASHIMASYN,EQ,24-Nov-2006,9.65,10.10,10.10,9.65,9.95,10.05,9.90,14765,1.46,-,12514,84.75
ASHIMASYN,EQ,27-Nov-2006,10.05,10.05,10.15,9.55,9.65,9.65,9.69,19037,1.84,-,12470,65.50
ASHIMASYN,EQ,28-Nov-2006,9.65,9.45,9.60,9.25,9.35,9.25,9.35,19491,1.82,-,16692,85.64
ASHIMASYN,EQ,29-Nov-2006,9.25,9.45,9.55,9.20,9.40,9.40,9.38,12221,1.15,-,11165,91.36
ASHIMASYN,EQ,30-Nov-2006,9.40,9.70,9.75,9.05,9.05,9.10,9.29,15906,1.48,-,11938,75.05
ASHIMASYN,EQ,01-Dec-2006,9.10,9.30,9.40,9.00,9.05,9.00,9.12,14913,1.36,-,14201,95.23
ASHIMASYN,EQ,04-Dec-2006,9.00,9.00,9.45,9.00,9.45,9.45,9.34,13191,1.23,-,9790,74.22
ASHIMASYN,EQ,05-Dec-2006,9.45,9.55,9.65,9.20,9.60,9.60,9.53,6829,0.65,-,5513,80.73
ASHIMASYN,EQ,06-Dec-2006,9.60,9.15,9.50,9.15,9.25,9.25,9.26,5279,0.49,-,4861,92.08
ASHIMASYN,EQ,07-Dec-2006,9.25,9.15,9.25,9.00,9.00,9.05,9.09,10753,0.98,-,8399,78.11
ASHIMASYN,EQ,08-Dec-2006,9.05,9.00,9.20,8.95,9.00,9.00,9.03,15570,1.41,-,13320,85.55
ASHIMASYN,EQ,11-Dec-2006,9.00,9.05,9.10,8.80,8.80,8.80,8.93,8874,0.79,-,8309,93.63
ASHIMASYN,EQ,12-Dec-2006,8.80,8.50,8.90,7.95,8.50,8.10,8.34,44029,3.67,-,38881,88.31
ASHIMASYN,EQ,13-Dec-2006,8.10,8.90,8.90,7.30,8.25,8.15,8.01,34449,2.76,-,26425,76.71
ASHIMASYN,EQ,14-Dec-2006,8.15,8.20,8.55,8.00,8.45,8.45,8.20,20010,1.64,-,15290,76.41
ASHIMASYN,EQ,15-Dec-2006,8.45,8.15,9.00,8.15,8.50,8.60,8.66,25632,2.22,-,19687,76.81
ASHIMASYN,EQ,18-Dec-2006,8.60,8.50,8.60,8.25,8.30,8.30,8.40,9743,0.82,-,4643,47.65
ASHIMASYN,EQ,19-Dec-2006,8.30,8.40,8.85,8.10,8.50,8.50,8.44,20288,1.71,-,13806,68.05
ASHIMASYN,EQ,20-Dec-2006,8.50,8.40,8.50,8.25,8.35,8.40,8.40,5206,0.44,-,5074,97.46
ASHIMASYN,EQ,21-Dec-2006,8.40,8.50,8.95,8.25,8.70,8.50,8.59,22267,1.91,-,15920,71.50
ASHIMASYN,EQ,22-Dec-2006,8.50,8.50,8.70,8.25,8.30,8.45,8.49,20485,1.74,-,17901,87.39
ASHIMASYN,EQ,26-Dec-2006,8.45,8.50,8.75,8.50,8.55,8.50,8.53,19949,1.70,-,18085,90.66
ASHIMASYN,EQ,27-Dec-2006,8.50,8.80,8.80,8.55,8.70,8.75,8.67,16642,1.44,-,14528,87.30
ASHIMASYN,EQ,28-Dec-2006,8.75,8.60,8.90,8.60,8.65,8.65,8.76,11450,1.00,-,8151,71.19
ASHIMASYN,EQ,29-Dec-2006,8.65,8.90,8.90,8.65,8.80,8.80,8.76,14947,1.31,-,11303,75.62
Symbol,Series,Date,Prev Close,Open Price,High Price,Low Price,Last Price,Close Price,Average Price,Total Traded Quantity,Turnover in Lacs,No. of Trades,Deliverable Qty,% Dly Qt to Traded Qty
ASHIMASYN,EQ,02-Jan-2007,8.80,8.65,9.70,8.65,9.50,9.45,9.30,16378,1.52,-,13373,81.65
ASHIMASYN,EQ,03-Jan-2007,9.45,9.75,9.95,9.10,9.50,9.50,9.47,18299,1.73,-,11799,64.48
ASHIMASYN,EQ,04-Jan-2007,9.50,9.30,9.50,9.20,9.50,9.45,9.41,8434,0.79,-,6873,81.49
ASHIMASYN,EQ,05-Jan-2007,9.45,9.90,10.10,9.50,9.90,9.80,9.86,43401,4.28,-,35921,82.77
ASHIMASYN,EQ,08-Jan-2007,9.80,9.40,10.50,9.40,10.20,10.20,10.28,80408,8.27,-,58766,73.08
ASHIMASYN,EQ,09-Jan-2007,10.20,10.50,10.70,9.95,10.20,10.10,10.33,35319,3.65,-,25409,71.94
ASHIMASYN,EQ,10-Jan-2007,10.10,10.50,10.50,9.90,9.90,10.00,10.10,35018,3.54,-,33363,95.27
ASHIMASYN,EQ,11-Jan-2007,10.00,9.35,10.50,9.35,10.15,10.05,10.09,33013,3.33,-,23988,72.66
ASHIMASYN,EQ,12-Jan-2007,10.05,10.35,10.50,10.10,10.10,10.25,10.29,22809,2.35,-,12728,55.80
ASHIMASYN,EQ,15-Jan-2007,10.25,9.65,10.70,9.65,10.20,10.20,10.15,47428,4.81,-,32054,67.58
ASHIMASYN,EQ,16-Jan-2007,10.20,10.75,11.25,9.75,11.25,11.25,10.98,145500,15.98,-,83688,57.52
ASHIMASYN,EQ,17-Jan-2007,11.25,11.95,12.40,11.60,12.40,12.40,12.28,95360,11.71,-,86796,91.02
ASHIMASYN,EQ,18-Jan-2007,12.40,13.00,13.05,12.90,13.05,13.05,13.04,70182,9.15,-,49169,70.06
ASHIMASYN,EQ,19-Jan-2007,13.05,13.60,13.70,12.40,12.40,12.45,12.71,137460,17.47,-,96025,69.86
ASHIMASYN,EQ,22-Jan-2007,12.45,12.80,12.80,11.85,11.95,11.95,12.02,58232,7.00,-,44460,76.35
ASHIMASYN,EQ,23-Jan-2007,11.95,11.60,11.65,11.35,11.35,11.35,11.39,19613,2.23,-,16273,82.97
ASHIMASYN,EQ,24-Jan-2007,11.35,11.00,11.65,10.80,10.80,10.90,11.07,57125,6.32,-,45681,79.97
ASHIMASYN,EQ,25-Jan-2007,10.90,10.40,11.25,10.40,10.90,11.10,10.93,31943,3.49,-,20520,64.24
ASHIMASYN,BE,29-Jan-2007,11.10,11.45,11.65,10.80,11.10,11.10,11.33,18203,2.06,-,-,-
ASHIMASYN,BE,31-Jan-2007,11.10,11.65,11.65,10.55,10.55,10.65,10.92,26900,2.94,-,-,-
ASHIMASYN,BE,01-Feb-2007,10.65,10.50,11.15,10.45,10.50,10.55,10.66,25099,2.67,-,-,-
ASHIMASYN,BE,02-Feb-2007,10.55,10.20,10.85,10.05,10.05,10.30,10.34,26241,2.71,-,-,-
ASHIMASYN,BE,05-Feb-2007,10.30,9.80,10.85,9.80,10.85,10.85,9.95,2454312,244.32,-,-,-
ASHIMASYN,BE,06-Feb-2007,10.85,11.30,11.40,11.30,11.40,11.40,11.38,16398,1.87,-,-,-
ASHIMASYN,BE,07-Feb-2007,11.40,11.95,12.00,11.95,12.00,12.00,11.99,33831,4.06,-,-,-
ASHIMASYN,BE,08-Feb-2007,12.00,12.60,12.60,11.40,11.95,11.95,12.29,84544,10.39,-,-,-
ASHIMASYN,BE,09-Feb-2007,11.95,11.70,11.80,11.35,11.35,11.45,11.52,25820,2.98,-,-,-
ASHIMASYN,BE,12-Feb-2007,11.45,10.90,10.95,10.90,10.90,10.90,10.91,10550,1.15,-,-,-
ASHIMASYN,BE,13-Feb-2007,10.90,10.50,10.65,10.35,10.35,10.40,10.40,12774,1.33,-,-,-
ASHIMASYN,BE,14-Feb-2007,10.40,10.00,10.95,10.00,10.95,10.95,10.46,21120,2.21,-,-,-
ASHIMASYN,BE,15-Feb-2007,10.95,11.00,11.50,10.55,11.50,11.50,11.42,15050,1.72,-,-,-
ASHIMASYN,BE,19-Feb-2007,11.50,12.00,12.00,11.05,11.05,11.20,11.67,17921,2.09,-,-,-
ASHIMASYN,BE,20-Feb-2007,11.20,11.70,11.70,10.70,10.75,10.75,11.10,12503,1.39,-,-,-
ASHIMASYN,BE,21-Feb-2007,10.75,10.70,10.85,10.55,10.70,10.70,10.68,4403,0.47,-,-,-
ASHIMASYN,BE,22-Feb-2007,10.70,10.50,10.90,10.20,10.50,10.30,10.45,14344,1.50,-,-,-
ASHIMASYN,BE,23-Feb-2007,10.30,9.95,10.40,9.90,10.05,10.10,10.10,10075,1.02,-,-,-
ASHIMASYN,BE,26-Feb-2007,10.10,9.90,10.35,9.90,9.95,10.00,10.01,3124,0.31,-,-,-
ASHIMASYN,BE,27-Feb-2007,10.00,10.10,10.10,9.90,9.90,9.90,9.99,3400,0.34,-,-,-
ASHIMASYN,BE,28-Feb-2007,9.90,9.80,10.35,9.65,9.90,9.95,10.05,7600,0.76,-,-,-
ASHIMASYN,BE,01-Mar-2007,9.95,9.75,10.10,9.55,9.90,9.90,9.75,4505,0.44,-,-,-
ASHIMASYN,EQ,02-Mar-2007,9.90,9.90,10.25,9.55,9.55,9.60,9.87,12400,1.22,-,7819,63.06
ASHIMASYN,EQ,05-Mar-2007,9.60,9.15,9.50,9.15,9.15,9.15,9.28,21166,1.96,-,18051,85.28
ASHIMASYN,EQ,06-Mar-2007,9.15,9.10,9.60,8.80,9.00,9.00,9.08,22537,2.05,-,17138,76.04
ASHIMASYN,EQ,07-Mar-2007,9.00,9.00,9.25,8.60,8.60,8.65,8.94,13197,1.18,-,11855,89.83
ASHIMASYN,EQ,08-Mar-2007,8.65,8.80,9.10,8.65,9.05,9.05,8.89,8852,0.79,-,8002,90.40
ASHIMASYN,EQ,09-Mar-2007,9.05,8.85,9.40,8.85,9.40,9.35,9.30,7300,0.68,-,6600,90.41
ASHIMASYN,EQ,12-Mar-2007,9.35,9.25,9.40,8.90,9.10,9.10,9.04,43061,3.89,-,35135,81.59
ASHIMASYN,EQ,13-Mar-2007,9.10,9.05,9.20,8.90,9.00,9.00,9.02,9326,0.84,-,8226,88.21
ASHIMASYN,EQ,14-Mar-2007,9.00,9.00,9.05,8.85,8.85,8.85,8.96,10993,0.98,-,9992,90.89
ASHIMASYN,EQ,15-Mar-2007,8.85,9.30,9.30,8.90,8.90,8.95,9.10,14624,1.33,-,9962,68.12
ASHIMASYN,EQ,16-Mar-2007,8.95,9.00,9.00,8.80,8.95,8.90,8.94,8783,0.79,-,7783,88.61
ASHIMASYN,EQ,19-Mar-2007,8.90,8.90,9.10,8.75,8.85,8.85,8.98,9859,0.88,-,9153,92.84
ASHIMASYN,EQ,20-Mar-2007,8.85,8.75,9.00,8.65,8.70,8.70,8.81,19682,1.73,-,13932,70.79
ASHIMASYN,EQ,21-Mar-2007,8.70,8.75,8.85,8.70,8.70,8.70,8.78,6001,0.53,-,5059,84.30
ASHIMASYN,EQ,22-Mar-2007,8.70,8.90,9.00,8.45,8.45,8.50,8.64,10572,0.91,-,10111,95.64
ASHIMASYN,EQ,23-Mar-2007,8.50,8.85,8.90,8.45,8.85,8.50,8.63,13007,1.12,-,10907,83.85
ASHIMASYN,EQ,26-Mar-2007,8.50,8.75,8.95,8.40,8.55,8.50,8.65,10230,0.88,-,6410,62.66
ASHIMASYN,EQ,28-Mar-2007,8.50,8.40,8.40,8.10,8.35,8.30,8.19,10265,0.84,-,10215,99.51
ASHIMASYN,EQ,29-Mar-2007,8.30,8.00,8.25,8.00,8.05,8.10,8.09,3956,0.32,-,3206,81.04
ASHIMASYN,EQ,30-Mar-2007,8.10,7.90,8.50,7.90,8.50,8.50,8.24,1950,0.16,-,1803,92.46
ASHIMASYN,EQ,02-Apr-2007,8.50,8.70,8.75,8.25,8.25,8.30,8.48,2624,0.22,-,2624,100.00
ASHIMASYN,EQ,03-Apr-2007,8.30,8.65,8.70,8.40,8.70,8.70,8.58,1911,0.16,-,1910,99.95
ASHIMASYN,EQ,04-Apr-2007,8.70,8.60,8.60,8.30,8.55,8.55,8.51,23488,2.00,-,17600,74.93
ASHIMASYN,EQ,05-Apr-2007,8.55,8.25,8.65,8.25,8.45,8.40,8.39,2337,0.20,-,2116,90.54
ASHIMASYN,EQ,09-Apr-2007,8.40,8.20,8.75,8.20,8.55,8.55,8.50,5012,0.43,-,4011,80.03
ASHIMASYN,EQ,10-Apr-2007,8.55,8.95,9.10,8.65,9.00,8.90,8.85,8429,0.75,-,6708,79.58
ASHIMASYN,EQ,11-Apr-2007,8.90,9.00,9.15,8.80,9.15,9.05,9.07,9401,0.85,-,9150,97.33
ASHIMASYN,EQ,12-Apr-2007,9.05,8.90,9.40,8.90,9.15,9.10,9.13,10170,0.93,-,8940,87.91
ASHIMASYN,EQ,13-Apr-2007,9.10,9.00,9.20,8.90,9.00,9.00,9.03,1750,0.16,-,1650,94.29
ASHIMASYN,EQ,16-Apr-2007,9.00,9.20,9.30,8.80,9.05,8.95,9.02,12702,1.15,-,9120,71.80
ASHIMASYN,EQ,17-Apr-2007,8.95,9.00,9.30,9.00,9.25,9.25,9.03,2301,0.21,-,2200,95.61
ASHIMASYN,EQ,18-Apr-2007,9.25,9.00,9.20,8.90,8.90,8.90,9.00,1153,0.10,-,1104,95.75
ASHIMASYN,EQ,19-Apr-2007,8.90,9.00,9.15,8.80,8.95,9.05,8.96,3701,0.33,-,3500,94.57
ASHIMASYN,EQ,20-Apr-2007,9.05,9.00,9.10,8.80,8.80,8.85,8.89,9306,0.83,-,8234,88.48
ASHIMASYN,EQ,23-Apr-2007,8.85,8.80,9.10,8.70,8.70,8.75,8.87,3096,0.27,-,2495,80.59
ASHIMASYN,EQ,24-Apr-2007,8.75,8.75,9.05,8.75,8.80,8.80,8.87,8857,0.79,-,6250,70.57
ASHIMASYN,EQ,25-Apr-2007,8.80,8.65,8.90,8.55,8.60,8.60,8.62,8833,0.76,-,7833,88.68
ASHIMASYN,EQ,26-Apr-2007,8.60,8.60,8.90,8.55,8.65,8.65,8.75,6626,0.58,-,4725,71.31
ASHIMASYN,EQ,27-Apr-2007,8.65,8.55,8.80,8.40,8.40,8.50,8.52,3950,0.34,-,3950,100.00
ASHIMASYN,EQ,30-Apr-2007,8.50,8.55,8.90,8.35,8.85,8.90,8.75,4295,0.38,-,3845,89.52
ASHIMASYN,EQ,03-May-2007,8.90,8.65,8.80,8.40,8.40,8.50,8.59,12701,1.09,-,11900,93.69
ASHIMASYN,EQ,04-May-2007,8.50,8.60,9.25,8.40,8.50,8.60,8.74,19717,1.72,-,17731,89.93
ASHIMASYN,EQ,07-May-2007,8.60,8.50,8.85,8.50,8.70,8.70,8.72,10899,0.95,-,5630,51.66
ASHIMASYN,EQ,08-May-2007,8.70,8.85,8.90,8.55,8.80,8.70,8.70,6439,0.56,-,5440,84.49
ASHIMASYN,EQ,09-May-2007,8.70,8.65,8.75,8.60,8.75,8.75,8.64,1360,0.12,-,1360,100.00
ASHIMASYN,EQ,10-May-2007,8.75,8.55,8.60,8.50,8.50,8.50,8.53,9075,0.77,-,8625,95.04
ASHIMASYN,EQ,11-May-2007,8.50,8.30,8.50,8.30,8.30,8.30,8.39,10418,0.87,-,9517,91.35
ASHIMASYN,EQ,14-May-2007,8.30,8.50,8.55,8.30,8.40,8.40,8.34,15742,1.31,-,13590,86.33
ASHIMASYN,EQ,15-May-2007,8.40,8.10,8.70,8.10,8.60,8.60,8.45,5085,0.43,-,3310,65.09
ASHIMASYN,EQ,16-May-2007,8.60,8.40,8.80,8.40,8.50,8.50,8.52,4729,0.40,-,4379,92.60
ASHIMASYN,EQ,17-May-2007,8.50,8.85,8.85,8.50,8.60,8.60,8.60,14317,1.23,-,9923,69.31
ASHIMASYN,EQ,18-May-2007,8.60,8.60,8.75,8.35,8.50,8.50,8.56,11838,1.01,-,8706,73.54
ASHIMASYN,EQ,21-May-2007,8.50,8.50,8.65,8.35,8.40,8.40,8.50,6037,0.51,-,3887,64.39
ASHIMASYN,EQ,22-May-2007,8.40,8.25,8.65,8.25,8.25,8.25,8.30,4104,0.34,-,4104,100.00
ASHIMASYN,EQ,23-May-2007,8.25,8.05,8.45,8.05,8.30,8.25,8.28,6721,0.56,-,5870,87.34
ASHIMASYN,EQ,24-May-2007,8.25,8.15,8.55,8.15,8.15,8.40,8.32,11429,0.95,-,9079,79.44
ASHIMASYN,EQ,25-May-2007,8.40,8.25,8.55,8.15,8.15,8.25,8.37,4467,0.37,-,3800,85.07
ASHIMASYN,EQ,28-May-2007,8.25,8.05,8.35,8.00,8.15,8.25,8.10,7418,0.60,-,5400,72.80
ASHIMASYN,EQ,29-May-2007,8.25,8.05,8.40,8.05,8.10,8.20,8.18,10804,0.88,-,8191,75.81
ASHIMASYN,EQ,30-May-2007,8.20,8.00,8.15,7.85,8.15,8.00,7.97,20823,1.66,-,18780,90.19
ASHIMASYN,EQ,31-May-2007,8.00,7.85,8.40,7.85,8.25,8.20,8.14,12030,0.98,-,8628,71.72
ASHIMASYN,EQ,01-Jun-2007,8.20,7.95,8.25,7.95,8.00,8.05,8.06,4579,0.37,-,3650,79.71
ASHIMASYN,EQ,04-Jun-2007,8.05,8.20,8.20,7.85,7.85,7.85,7.90,10762,0.85,-,10560,98.12
ASHIMASYN,EQ,05-Jun-2007,7.85,8.00,8.05,7.95,8.00,8.00,8.00,9012,0.72,-,8412,93.34
ASHIMASYN,EQ,06-Jun-2007,8.00,8.10,8.15,7.85,8.15,8.00,8.05,38683,3.12,-,35934,92.89
ASHIMASYN,EQ,07-Jun-2007,8.00,8.10,8.10,7.90,7.90,7.90,7.99,4230,0.34,-,3710,87.71
ASHIMASYN,EQ,08-Jun-2007,7.90,7.85,8.05,7.75,7.80,7.85,7.89,6890,0.54,-,5865,85.12
ASHIMASYN,EQ,11-Jun-2007,7.85,8.20,8.20,7.95,8.00,8.00,8.08,8520,0.69,-,7020,82.39
ASHIMASYN,EQ,12-Jun-2007,8.00,8.00,8.10,7.80,7.80,7.80,7.95,2211,0.18,-,2211,100.00
ASHIMASYN,EQ,13-Jun-2007,7.80,8.25,8.60,8.00,8.00,8.00,8.19,14135,1.16,-,12341,87.31
ASHIMASYN,EQ,14-Jun-2007,8.00,7.90,8.35,7.90,8.35,8.25,8.18,3852,0.32,-,3286,85.31
ASHIMASYN,EQ,15-Jun-2007,8.25,8.15,8.30,7.95,8.25,8.00,8.08,2820,0.23,-,2270,80.50
ASHIMASYN,EQ,18-Jun-2007,8.00,8.05,8.25,8.00,8.00,8.00,8.03,4349,0.35,-,4348,99.98
ASHIMASYN,EQ,19-Jun-2007,8.00,7.95,8.35,7.85,8.00,8.00,7.98,6986,0.56,-,5695,81.52
ASHIMASYN,EQ,20-Jun-2007,8.00,8.00,8.00,7.90,7.90,7.95,7.96,9653,0.77,-,8550,88.57
ASHIMASYN,EQ,21-Jun-2007,7.95,8.00,8.00,7.90,8.00,8.00,7.97,9888,0.79,-,9710,98.20
ASHIMASYN,EQ,22-Jun-2007,8.00,7.90,8.00,7.65,7.95,7.90,7.83,9785,0.77,-,8601,87.90
ASHIMASYN,EQ,25-Jun-2007,7.90,7.80,7.90,7.80,7.90,7.85,7.85,3417,0.27,-,2408,70.47
ASHIMASYN,EQ,26-Jun-2007,7.85,7.80,8.05,7.75,8.05,8.00,7.91,22500,1.78,-,21500,95.56
ASHIMASYN,EQ,27-Jun-2007,8.00,7.75,8.00,7.75,7.90,7.95,7.95,10861,0.86,-,10858,99.97
ASHIMASYN,EQ,28-Jun-2007,7.95,7.90,8.00,7.75,7.95,7.95,7.88,4239,0.33,-,3585,84.57
ASHIMASYN,EQ,29-Jun-2007,7.95,7.80,8.00,7.50,7.85,7.80,7.76,25442,1.97,-,16481,64.78
ASHIMASYN,EQ,02-Jul-2007,7.80,7.65,7.90,7.15,7.70,7.75,7.67,8195,0.63,-,7820,95.42
ASHIMASYN,EQ,03-Jul-2007,7.75,7.55,7.95,7.55,7.95,7.90,7.79,5150,0.40,-,4050,78.64
ASHIMASYN,EQ,04-Jul-2007,7.90,7.95,8.70,7.85,8.25,8.35,8.25,25363,2.09,-,20968,82.67
ASHIMASYN,EQ,05-Jul-2007,8.35,8.20,8.20,7.75,7.75,7.80,7.89,28347,2.24,-,27134,95.72
ASHIMASYN,EQ,06-Jul-2007,7.80,9.00,9.40,7.75,9.40,9.40,9.00,150711,13.56,-,63989,42.46
ASHIMASYN,EQ,09-Jul-2007,9.40,10.65,10.65,9.40,9.70,9.75,9.81,123826,12.15,-,64941,52.45
ASHIMASYN,EQ,10-Jul-2007,9.75,10.50,10.50,9.00,9.20,9.25,9.33,64118,5.98,-,44976,70.15
ASHIMASYN,EQ,11-Jul-2007,9.25,9.25,9.30,8.55,8.80,8.70,8.92,65670,5.86,-,51215,77.99
ASHIMASYN,EQ,12-Jul-2007,8.70,8.65,9.25,8.50,8.70,8.60,8.74,78641,6.88,-,71404,90.80
ASHIMASYN,EQ,13-Jul-2007,8.60,8.80,8.85,8.55,8.60,8.65,8.73,28975,2.53,-,20880,72.06
ASHIMASYN,EQ,16-Jul-2007,8.65,8.50,8.90,8.45,8.75,8.75,8.61,13930,1.20,-,11201,80.41
ASHIMASYN,EQ,17-Jul-2007,8.75,8.55,8.75,8.50,8.70,8.65,8.59,21520,1.85,-,16122,74.92
ASHIMASYN,EQ,18-Jul-2007,8.65,8.05,8.70,8.05,8.70,8.70,8.52,7172,0.61,-,6866,95.73
ASHIMASYN,EQ,19-Jul-2007,8.70,8.20,8.85,8.15,8.65,8.65,8.47,15882,1.35,-,10235,64.44
ASHIMASYN,EQ,20-Jul-2007,8.65,8.50,8.80,8.45,8.45,8.50,8.57,26602,2.28,-,21631,81.31
ASHIMASYN,EQ,23-Jul-2007,8.50,8.70,8.70,8.45,8.50,8.50,8.51,14331,1.22,-,13531,94.42
ASHIMASYN,EQ,24-Jul-2007,8.50,8.50,8.60,8.25,8.30,8.30,8.45,16503,1.39,-,15003,90.91
ASHIMASYN,EQ,25-Jul-2007,8.30,8.15,8.45,8.15,8.25,8.25,8.28,10728,0.89,-,6940,64.69
ASHIMASYN,EQ,26-Jul-2007,8.25,8.50,8.90,8.20,8.30,8.50,8.42,18783,1.58,-,17400,92.64
ASHIMASYN,EQ,27-Jul-2007,8.50,7.80,8.50,7.00,8.05,8.10,8.16,19726,1.61,-,12323,62.47
ASHIMASYN,EQ,30-Jul-2007,8.10,8.00,8.40,8.00,8.30,8.30,8.18,2206,0.18,-,1755,79.56
ASHIMASYN,EQ,31-Jul-2007,8.30,8.70,8.70,8.05,8.50,8.45,8.34,8118,0.68,-,4459,54.93
ASHIMASYN,EQ,01-Aug-2007,8.45,7.80,8.30,7.80,8.10,8.15,8.15,12650,1.03,-,11650,92.09
ASHIMASYN,EQ,02-Aug-2007,8.15,7.90,8.40,7.90,8.15,8.05,8.09,32203,2.60,-,32083,99.63
ASHIMASYN,EQ,03-Aug-2007,8.05,8.00,8.20,8.00,8.15,8.00,8.07,13375,1.08,-,11246,84.08
ASHIMASYN,EQ,06-Aug-2007,8.00,8.40,8.40,7.85,7.95,8.00,7.98,8311,0.66,-,8211,98.80
ASHIMASYN,EQ,07-Aug-2007,8.00,7.95,8.25,7.95,8.25,8.05,8.09,19207,1.55,-,19207,100.00
ASHIMASYN,EQ,08-Aug-2007,8.05,8.10,8.25,7.35,8.00,7.80,7.96,22438,1.79,-,19087,85.07
ASHIMASYN,EQ,09-Aug-2007,7.80,8.00,8.35,7.95,7.95,7.95,8.09,12380,1.00,-,9306,75.17
ASHIMASYN,EQ,10-Aug-2007,7.95,8.00,8.00,6.50,7.65,7.80,7.49,43503,3.26,-,24158,55.53
ASHIMASYN,EQ,13-Aug-2007,7.80,7.40,8.05,7.40,8.00,8.00,7.96,10701,0.85,-,10501,98.13
ASHIMASYN,EQ,14-Aug-2007,8.00,8.70,8.90,8.00,8.50,8.50,8.29,56520,4.69,-,42787,75.70
ASHIMASYN,EQ,16-Aug-2007,8.50,8.40,8.40,8.00,8.00,8.00,8.16,14241,1.16,-,12818,90.01
ASHIMASYN,EQ,17-Aug-2007,8.00,8.00,8.25,7.75,8.05,8.00,8.00,22814,1.83,-,18917,82.92
ASHIMASYN,EQ,20-Aug-2007,8.00,8.30,8.40,7.95,8.35,8.35,8.20,7668,0.63,-,5818,75.87
ASHIMASYN,EQ,21-Aug-2007,8.35,8.30,8.35,7.80,7.90,8.00,7.97,7879,0.63,-,7277,92.36
ASHIMASYN,EQ,22-Aug-2007,8.00,7.80,8.00,7.40,7.75,7.70,7.60,23922,1.82,-,19902,83.20
ASHIMASYN,EQ,23-Aug-2007,7.70,7.55,7.80,7.55,7.55,7.55,7.62,4509,0.34,-,4143,91.88
ASHIMASYN,EQ,24-Aug-2007,7.55,7.45,7.90,7.25,7.50,7.55,7.51,12987,0.98,-,10004,77.03
ASHIMASYN,EQ,27-Aug-2007,7.55,7.60,8.10,7.60,7.95,7.95,7.97,11543,0.92,-,10984,95.16
ASHIMASYN,EQ,28-Aug-2007,7.95,7.95,7.95,7.80,7.95,7.95,7.94,5708,0.45,-,5704,99.93
ASHIMASYN,EQ,29-Aug-2007,7.95,7.20,8.15,7.20,8.15,7.95,7.83,8584,0.67,-,5685,66.23
ASHIMASYN,EQ,30-Aug-2007,7.95,7.70,8.20,7.70,8.00,8.05,8.02,5528,0.44,-,3593,65.00
ASHIMASYN,EQ,31-Aug-2007,8.05,8.00,8.10,7.90,8.10,8.10,8.05,4676,0.38,-,4625,98.91
ASHIMASYN,EQ,03-Sep-2007,8.10,8.00,9.45,8.00,9.00,9.10,9.00,112856,10.16,-,53962,47.81
ASHIMASYN,EQ,04-Sep-2007,9.10,9.05,10.35,9.00,9.50,9.45,9.78,156565,15.32,-,76554,48.90
ASHIMASYN,EQ,05-Sep-2007,9.45,9.95,9.95,9.05,9.10,9.30,9.43,29888,2.82,-,18585,62.18
ASHIMASYN,EQ,06-Sep-2007,9.30,9.00,9.35,9.00,9.20,9.10,9.18,20979,1.93,-,17601,83.90
ASHIMASYN,EQ,07-Sep-2007,9.10,9.20,9.20,8.40,8.75,8.80,8.91,18937,1.69,-,11730,61.94
ASHIMASYN,EQ,10-Sep-2007,8.80,9.00,9.25,8.80,9.00,8.95,9.01,24783,2.23,-,19111,77.11
ASHIMASYN,EQ,11-Sep-2007,8.95,9.00,9.60,9.00,9.55,9.55,9.40,42249,3.97,-,33815,80.04
ASHIMASYN,EQ,12-Sep-2007,9.55,9.65,9.95,9.30,9.40,9.45,9.63,27393,2.64,-,23868,87.13
ASHIMASYN,EQ,13-Sep-2007,9.45,9.90,9.90,9.35,9.60,9.60,9.54,37066,3.53,-,25450,68.66
ASHIMASYN,EQ,14-Sep-2007,9.60,9.85,9.85,9.05,9.05,9.25,9.50,12973,1.23,-,12205,94.08
ASHIMASYN,EQ,17-Sep-2007,9.25,9.50,9.50,9.10,9.10,9.20,9.27,8517,0.79,-,7864,92.33
ASHIMASYN,EQ,18-Sep-2007,9.20,9.35,9.45,9.15,9.25,9.30,9.34,7239,0.68,-,6299,87.01
ASHIMASYN,EQ,19-Sep-2007,9.30,9.25,9.60,9.00,9.00,9.25,9.29,28676,2.67,-,21522,75.05
ASHIMASYN,EQ,20-Sep-2007,9.25,8.25,9.30,8.25,9.05,9.00,9.06,20047,1.82,-,13770,68.69
ASHIMASYN,EQ,21-Sep-2007,9.00,9.00,9.15,8.80,8.80,8.85,8.97,9160,0.82,-,8185,89.36
ASHIMASYN,EQ,24-Sep-2007,8.85,8.50,9.35,8.50,8.70,8.70,8.82,26575,2.35,-,15329,57.68
ASHIMASYN,EQ,25-Sep-2007,8.70,8.90,9.00,8.45,8.85,8.65,8.73,16354,1.43,-,11035,67.48
ASHIMASYN,EQ,26-Sep-2007,8.65,9.15,9.15,8.75,8.90,8.90,8.98,43000,3.86,-,26862,62.47
ASHIMASYN,EQ,27-Sep-2007,8.90,9.20,9.20,8.95,9.10,9.10,9.03,20476,1.85,-,17129,83.65
ASHIMASYN,EQ,28-Sep-2007,9.10,9.50,9.50,8.85,9.10,9.10,9.11,15186,1.38,-,9892,65.14
ASHIMASYN,EQ,01-Oct-2007,9.10,8.70,9.65,8.70,9.50,9.45,9.35,46668,4.36,-,31257,66.98
ASHIMASYN,EQ,03-Oct-2007,9.45,9.75,9.75,9.05,9.30,9.20,9.26,54320,5.03,-,38433,70.75
ASHIMASYN,EQ,04-Oct-2007,9.20,9.00,9.20,8.70,9.05,9.05,8.98,26366,2.37,-,19532,74.08
ASHIMASYN,EQ,05-Oct-2007,9.05,8.80,9.10,8.50,8.50,8.50,8.63,32400,2.80,-,25598,79.01
ASHIMASYN,EQ,08-Oct-2007,8.50,8.50,8.50,8.00,8.25,8.20,8.20,25013,2.05,-,24450,97.75
ASHIMASYN,EQ,09-Oct-2007,8.20,8.10,8.65,8.05,8.65,8.65,8.34,13058,1.09,-,9710,74.36
ASHIMASYN,EQ,10-Oct-2007,8.65,8.45,8.70,8.40,8.45,8.45,8.53,12507,1.07,-,10016,80.08
ASHIMASYN,EQ,11-Oct-2007,8.45,8.85,8.85,8.15,8.55,8.45,8.48,11082,0.94,-,8997,81.19
ASHIMASYN,EQ,12-Oct-2007,8.45,8.90,8.90,8.15,8.35,8.30,8.37,28956,2.42,-,25609,88.44
ASHIMASYN,EQ,15-Oct-2007,8.30,8.30,8.40,8.15,8.40,8.30,8.21,21298,1.75,-,16049,75.35
ASHIMASYN,EQ,16-Oct-2007,8.30,8.20,8.35,8.10,8.35,8.25,8.23,14660,1.21,-,12365,84.35
ASHIMASYN,EQ,17-Oct-2007,8.25,6.60,8.30,6.60,8.00,8.00,7.89,29898,2.36,-,28295,94.64
ASHIMASYN,EQ,18-Oct-2007,8.00,8.05,8.40,8.00,8.05,8.05,8.24,11340,0.93,-,9491,83.69
ASHIMASYN,EQ,19-Oct-2007,8.05,8.00,8.70,7.60,7.65,7.70,7.80,19924,1.55,-,16621,83.42
ASHIMASYN,EQ,22-Oct-2007,7.70,7.70,7.90,7.60,7.85,7.75,7.80,11786,0.92,-,9704,82.33
ASHIMASYN,EQ,23-Oct-2007,7.75,7.75,8.20,7.25,7.90,7.90,7.83,24053,1.88,-,16207,67.38
ASHIMASYN,EQ,24-Oct-2007,7.90,7.85,8.00,7.70,7.95,7.95,7.86,5903,0.46,-,5897,99.90
ASHIMASYN,EQ,25-Oct-2007,7.95,8.35,8.35,8.00,8.00,8.00,8.11,7125,0.58,-,6545,91.86
ASHIMASYN,EQ,26-Oct-2007,8.00,7.65,8.05,7.25,7.90,7.90,7.84,19392,1.52,-,15442,79.63
ASHIMASYN,EQ,29-Oct-2007,7.90,8.20,9.50,8.20,8.75,8.75,8.99,104869,9.43,-,79657,75.96
ASHIMASYN,EQ,30-Oct-2007,8.75,8.90,9.00,8.50,8.70,8.70,8.76,24040,2.11,-,18059,75.12
ASHIMASYN,EQ,31-Oct-2007,8.70,8.50,8.75,8.10,8.30,8.15,8.25,20927,1.73,-,16728,79.94
ASHIMASYN,EQ,01-Nov-2007,8.15,8.80,9.20,8.40,8.50,8.70,8.82,87198,7.69,-,71034,81.46
ASHIMASYN,EQ,02-Nov-2007,8.70,8.50,8.60,7.65,8.30,8.30,8.27,10159,0.84,-,9310,91.64
ASHIMASYN,EQ,05-Nov-2007,8.30,8.10,8.40,8.10,8.35,8.35,8.29,9984,0.83,-,8734,87.48
ASHIMASYN,EQ,06-Nov-2007,8.35,8.75,10.05,8.75,10.00,10.05,9.93,206358,20.49,-,155307,75.26
ASHIMASYN,EQ,07-Nov-2007,10.05,11.40,11.50,9.00,9.60,9.80,10.25,190452,19.53,-,123907,65.06
ASHIMASYN,EQ,08-Nov-2007,9.80,10.00,10.00,9.00,9.15,9.25,9.58,27027,2.59,-,17770,65.75
ASHIMASYN,EQ,09-Nov-2007,9.25,9.70,9.80,9.50,9.80,9.60,9.58,5443,0.52,-,4905,90.12
ASHIMASYN,EQ,12-Nov-2007,9.60,9.00,9.70,9.00,9.15,9.10,9.15,17305,1.58,-,10003,57.80
ASHIMASYN,EQ,13-Nov-2007,9.10,8.55,9.25,8.55,8.85,8.85,8.93,17459,1.56,-,11469,65.69
ASHIMASYN,EQ,14-Nov-2007,8.85,9.15,9.50,8.85,8.90,9.00,9.11,30063,2.74,-,21248,70.68
ASHIMASYN,EQ,15-Nov-2007,9.00,9.40,9.45,8.75,9.40,9.30,9.13,56447,5.15,-,43117,76.38
ASHIMASYN,BE,16-Nov-2007,9.30,9.75,9.75,9.15,9.75,9.75,9.70,12450,1.21,-,-,-
ASHIMASYN,BE,19-Nov-2007,9.75,10.10,10.25,10.10,10.25,10.25,10.20,27600,2.82,-,-,-
ASHIMASYN,BE,20-Nov-2007,10.25,10.25,10.80,10.00,10.80,10.80,10.64,90390,9.62,-,-,-
ASHIMASYN,BE,21-Nov-2007,10.80,11.00,11.10,10.30,10.30,10.30,10.47,17673,1.85,-,-,-
ASHIMASYN,BE,22-Nov-2007,10.30,9.95,9.95,9.80,9.80,9.80,9.80,811,0.08,-,-,-
ASHIMASYN,BE,23-Nov-2007,9.80,9.50,9.95,9.35,9.35,9.35,9.62,17310,1.67,-,-,-
ASHIMASYN,BE,26-Nov-2007,9.35,9.40,9.85,9.00,9.85,9.85,9.73,23650,2.30,-,-,-
ASHIMASYN,BE,27-Nov-2007,9.85,9.80,9.80,9.40,9.60,9.60,9.51,4951,0.47,-,-,-
ASHIMASYN,BE,28-Nov-2007,9.60,9.15,10.00,9.15,9.20,9.40,9.46,14065,1.33,-,-,-
ASHIMASYN,BE,29-Nov-2007,9.40,9.25,9.70,9.25,9.60,9.60,9.44,9250,0.87,-,-,-
ASHIMASYN,BE,30-Nov-2007,9.60,10.00,10.10,9.40,9.75,9.85,9.96,28638,2.85,-,-,-
ASHIMASYN,BE,03-Dec-2007,9.85,9.45,10.35,9.40,10.35,10.35,10.28,20449,2.10,-,-,-
ASHIMASYN,BE,04-Dec-2007,10.35,10.40,10.90,10.30,10.90,10.90,10.83,22813,2.47,-,-,-
ASHIMASYN,BE,05-Dec-2007,10.90,11.40,11.45,11.00,11.45,11.45,11.36,34367,3.90,-,-,-
ASHIMASYN,BE,06-Dec-2007,11.45,12.00,12.05,12.00,12.05,12.05,12.05,12349,1.49,-,-,-
ASHIMASYN,BE,07-Dec-2007,12.05,12.65,12.65,12.20,12.65,12.65,12.63,52913,6.68,-,-,-
ASHIMASYN,BE,10-Dec-2007,12.65,13.30,13.30,12.05,13.30,13.25,12.82,80546,10.33,-,-,-
ASHIMASYN,BE,11-Dec-2007,13.25,13.70,13.95,13.30,13.95,13.90,13.83,55657,7.69,-,-,-
ASHIMASYN,BE,12-Dec-2007,13.90,14.45,14.60,13.75,14.60,14.60,14.43,51461,7.42,-,-,-
ASHIMASYN,BE,13-Dec-2007,14.60,15.35,15.35,15.00,15.35,15.35,15.34,55625,8.53,-,-,-
ASHIMASYN,BE,14-Dec-2007,15.35,16.15,16.15,15.00,16.15,16.10,15.79,151419,23.91,-,-,-
ASHIMASYN,BE,17-Dec-2007,16.10,16.90,16.95,15.30,15.30,15.30,16.63,120282,20.00,-,-,-
ASHIMASYN,BE,18-Dec-2007,15.30,15.00,15.00,14.55,14.55,14.55,14.58,54616,7.96,-,-,-
ASHIMASYN,BE,19-Dec-2007,14.55,14.55,15.30,13.90,15.30,14.75,14.87,72217,10.74,-,-,-
ASHIMASYN,BE,20-Dec-2007,14.75,14.25,14.25,14.05,14.05,14.05,14.09,3810,0.54,-,-,-
ASHIMASYN,BE,24-Dec-2007,14.05,14.00,14.00,13.35,13.35,13.35,13.53,23571,3.19,-,-,-
ASHIMASYN,BE,26-Dec-2007,13.35,14.00,14.05,13.50,14.05,14.05,13.97,34547,4.82,-,-,-
ASHIMASYN,BE,27-Dec-2007,14.05,14.75,14.75,14.60,14.75,14.75,14.74,20907,3.08,-,-,-
ASHIMASYN,BE,28-Dec-2007,14.75,15.50,15.50,15.45,15.50,15.50,15.48,51222,7.93,-,-,-
ASHIMASYN,BE,31-Dec-2007,15.50,16.25,16.30,16.25,16.30,16.30,16.30,43545,7.10,-,-,-
Symbol,Series,Date,Prev Close,Open Price,High Price,Low Price,Last Price,Close Price,Average Price,Total Traded Quantity,Turnover in Lacs,No. of Trades,Deliverable Qty,% Dly Qt to Traded Qty
ASHIMASYN,BE,01-Jan-2008,16.30,17.15,17.15,16.50,17.15,17.15,17.03,150150,25.58,-,-,-
ASHIMASYN,BE,02-Jan-2008,17.15,18.05,18.05,16.30,18.05,18.05,17.66,152117,26.87,-,-,-
ASHIMASYN,BE,03-Jan-2008,18.05,18.95,18.95,18.95,18.95,18.95,18.95,46716,8.85,-,-,-
ASHIMASYN,BE,04-Jan-2008,18.95,19.00,19.90,19.00,19.90,19.90,19.85,103979,20.64,-,-,-
ASHIMASYN,BE,07-Jan-2008,19.90,20.70,20.90,19.70,20.50,20.60,20.63,167056,34.46,-,-,-
ASHIMASYN,BE,08-Jan-2008,20.60,21.00,21.45,19.60,19.60,19.60,20.16,32972,6.65,-,-,-
ASHIMASYN,BE,09-Jan-2008,19.60,18.65,18.65,18.65,18.65,18.65,18.65,5357,1.00,-,-,-
ASHIMASYN,BE,10-Jan-2008,18.65,17.75,17.75,17.75,17.75,17.75,17.75,2601,0.46,-,-,-
ASHIMASYN,BE,11-Jan-2008,17.75,16.90,16.90,16.90,16.90,16.90,16.90,28601,4.83,-,-,-
ASHIMASYN,BE,14-Jan-2008,16.90,16.05,16.05,16.05,16.05,16.05,16.05,2076,0.33,-,-,-
ASHIMASYN,BE,15-Jan-2008,16.05,15.30,15.30,15.25,15.25,15.25,15.25,11550,1.76,-,-,-
ASHIMASYN,BE,16-Jan-2008,15.25,14.65,14.65,14.50,14.50,14.50,14.58,2650,0.39,-,-,-
ASHIMASYN,BE,17-Jan-2008,14.50,13.80,15.25,13.80,14.30,14.75,14.49,51651,7.48,-,-,-
ASHIMASYN,BE,18-Jan-2008,14.75,14.30,14.90,14.05,14.05,14.05,14.14,15703,2.22,-,-,-
ASHIMASYN,BE,21-Jan-2008,14.05,13.40,13.40,13.35,13.35,13.35,13.36,1190,0.16,-,-,-
ASHIMASYN,BE,23-Jan-2008,13.35,12.70,13.95,12.70,12.70,12.70,13.28,3694,0.49,-,-,-
ASHIMASYN,BE,24-Jan-2008,12.70,12.70,12.70,12.10,12.10,12.10,12.21,580,0.07,-,-,-
ASHIMASYN,BE,25-Jan-2008,12.10,11.50,11.50,11.50,11.50,11.50,11.50,1825,0.21,-,-,-
ASHIMASYN,BE,28-Jan-2008,11.50,10.95,10.95,10.95,10.95,10.95,10.95,1500,0.16,-,-,-
ASHIMASYN,BE,29-Jan-2008,10.95,10.40,11.35,10.40,10.45,10.45,10.55,14562,1.54,-,-,-
ASHIMASYN,BE,30-Jan-2008,10.45,10.30,10.30,9.95,9.95,9.95,10.03,12286,1.23,-,-,-
ASHIMASYN,BE,31-Jan-2008,9.95,9.65,10.00,9.45,9.45,9.45,9.66,9010,0.87,-,-,-
ASHIMASYN,BE,01-Feb-2008,9.45,9.45,9.95,9.00,9.20,9.20,9.18,8492,0.78,-,-,-
ASHIMASYN,BE,04-Feb-2008,9.20,8.75,9.70,8.75,9.70,9.70,9.46,6051,0.57,-,-,-
ASHIMASYN,BE,05-Feb-2008,9.70,10.20,10.20,10.20,10.20,10.20,10.20,6103,0.62,-,-,-
ASHIMASYN,BE,06-Feb-2008,10.20,10.70,10.75,10.40,10.75,10.75,10.63,9543,1.01,-,-,-
ASHIMASYN,BE,07-Feb-2008,10.75,10.95,11.30,10.25,10.95,10.65,11.06,14208,1.57,-,-,-
ASHIMASYN,BE,08-Feb-2008,10.65,11.20,11.20,10.15,10.15,10.15,10.34,1544,0.16,-,-,-
ASHIMASYN,BE,11-Feb-2008,10.15,9.65,9.70,9.65,9.65,9.65,9.65,3287,0.32,-,-,-
ASHIMASYN,BE,12-Feb-2008,9.65,9.20,9.20,9.20,9.20,9.20,9.20,2725,0.25,-,-,-
ASHIMASYN,BE,13-Feb-2008,9.20,9.70,9.70,8.75,8.75,8.75,8.92,6015,0.54,-,-,-
ASHIMASYN,BE,14-Feb-2008,8.75,8.75,9.20,8.75,9.20,9.20,9.00,5088,0.46,-,-,-
ASHIMASYN,BE,15-Feb-2008,9.20,9.00,9.70,8.80,9.70,9.70,9.46,5821,0.55,-,-,-
ASHIMASYN,BE,18-Feb-2008,9.70,9.40,9.90,9.30,9.45,9.45,9.53,9999,0.95,-,-,-
ASHIMASYN,BE,19-Feb-2008,9.45,9.75,9.95,9.00,9.40,9.40,9.54,12681,1.21,-,-,-
ASHIMASYN,BE,20-Feb-2008,9.40,9.80,9.80,8.95,8.95,8.95,9.06,13263,1.20,-,-,-
ASHIMASYN,BE,21-Feb-2008,8.95,8.95,9.15,8.50,8.90,8.90,8.79,25742,2.26,-,-,-
ASHIMASYN,BE,22-Feb-2008,8.90,8.75,9.35,8.65,8.90,8.90,8.90,27889,2.48,-,-,-
ASHIMASYN,BE,25-Feb-2008,8.90,9.00,9.00,8.45,8.75,8.70,8.49,12595,1.07,-,-,-
ASHIMASYN,BE,26-Feb-2008,8.70,8.75,9.00,8.50,8.90,8.90,8.83,17559,1.55,-,-,-
ASHIMASYN,BE,27-Feb-2008,8.90,8.55,8.85,8.50,8.80,8.80,8.57,16097,1.38,-,-,-
ASHIMASYN,BE,28-Feb-2008,8.80,8.80,9.10,8.45,9.10,9.10,8.73,4908,0.43,-,-,-
ASHIMASYN,EQ,29-Feb-2008,9.10,9.00,9.35,8.75,8.85,8.85,9.02,12335,1.11,-,10445,84.68
ASHIMASYN,EQ,03-Mar-2008,8.85,9.00,9.00,8.45,8.45,8.45,8.61,20940,1.80,-,15720,75.07
ASHIMASYN,EQ,04-Mar-2008,8.45,8.90,8.90,8.05,8.55,8.40,8.33,23636,1.97,-,13550,57.33
ASHIMASYN,EQ,05-Mar-2008,8.40,8.75,8.75,8.15,8.45,8.20,8.23,5853,0.48,-,3621,61.87
ASHIMASYN,EQ,07-Mar-2008,8.20,8.05,8.05,7.80,7.80,7.80,7.84,7218,0.57,-,4817,66.74
ASHIMASYN,EQ,10-Mar-2008,7.80,7.30,7.60,7.05,7.15,7.20,7.25,13669,0.99,-,10931,79.97
ASHIMASYN,EQ,11-Mar-2008,7.20,7.35,7.95,7.30,7.65,7.80,7.77,17910,1.39,-,16886,94.28
ASHIMASYN,EQ,12-Mar-2008,7.80,8.00,8.55,7.90,8.05,7.95,8.27,8400,0.69,-,6800,80.95
ASHIMASYN,EQ,13-Mar-2008,7.95,8.30,8.30,7.15,7.15,7.15,7.24,21090,1.53,-,19405,92.01
ASHIMASYN,EQ,14-Mar-2008,7.15,7.85,7.85,6.85,6.85,6.95,7.18,21479,1.54,-,16225,75.54
ASHIMASYN,EQ,17-Mar-2008,6.95,6.70,7.15,6.35,6.35,6.45,6.71,21104,1.42,-,20035,94.93
ASHIMASYN,EQ,18-Mar-2008,6.45,5.95,6.80,5.90,6.55,6.25,6.28,15383,0.97,-,13663,88.82
ASHIMASYN,EQ,19-Mar-2008,6.25,6.90,6.90,6.30,6.50,6.35,6.63,10520,0.70,-,8655,82.27
ASHIMASYN,EQ,24-Mar-2008,6.35,6.30,6.90,6.10,6.20,6.20,6.24,21086,1.32,-,19824,94.01
ASHIMASYN,EQ,25-Mar-2008,6.20,6.20,6.65,6.20,6.40,6.65,6.54,15480,1.01,-,12470,80.56
ASHIMASYN,EQ,26-Mar-2008,6.65,6.90,6.90,6.20,6.20,6.30,6.47,23815,1.54,-,16099,67.60
ASHIMASYN,EQ,27-Mar-2008,6.30,6.15,6.45,6.05,6.10,6.20,6.26,19451,1.22,-,13791,70.90
ASHIMASYN,EQ,28-Mar-2008,6.20,6.60,6.80,6.35,6.75,6.80,6.68,30822,2.06,-,30599,99.28
ASHIMASYN,EQ,31-Mar-2008,6.80,6.90,7.35,6.90,7.35,7.30,7.18,22584,1.62,-,16716,74.02
ASHIMASYN,EQ,01-Apr-2008,7.30,7.15,7.30,7.00,7.00,7.15,7.15,8306,0.59,-,7606,91.57
ASHIMASYN,EQ,02-Apr-2008,7.15,7.05,7.70,7.05,7.10,7.20,7.29,12755,0.93,-,11263,88.30
ASHIMASYN,EQ,03-Apr-2008,7.20,7.90,7.90,7.00,7.25,7.25,7.45,926,0.07,-,797,86.07
ASHIMASYN,EQ,04-Apr-2008,7.25,7.00,7.45,7.00,7.45,7.35,7.25,5305,0.38,-,3405,64.18
ASHIMASYN,EQ,07-Apr-2008,7.35,7.00,7.45,6.85,6.95,6.95,7.01,10908,0.76,-,7605,69.72
ASHIMASYN,EQ,08-Apr-2008,6.95,7.00,7.40,6.95,7.25,7.10,7.05,5452,0.38,-,5006,91.82
ASHIMASYN,EQ,09-Apr-2008,7.10,7.00,7.40,7.00,7.00,7.05,7.18,7300,0.52,-,6670,91.37
ASHIMASYN,EQ,10-Apr-2008,7.05,7.00,7.45,7.00,7.15,7.25,7.38,5480,0.40,-,4805,87.68
ASHIMASYN,EQ,11-Apr-2008,7.25,7.50,7.50,7.00,7.05,7.05,7.09,10502,0.74,-,8026,76.42
ASHIMASYN,EQ,15-Apr-2008,7.05,6.60,7.20,6.60,6.95,7.00,7.00,13114,0.92,-,9797,74.71
ASHIMASYN,EQ,16-Apr-2008,7.00,7.35,7.40,6.95,7.05,7.10,7.03,27613,1.94,-,23479,85.03
ASHIMASYN,EQ,17-Apr-2008,7.10,7.25,7.35,7.05,7.20,7.25,7.27,35187,2.56,-,34987,99.43
ASHIMASYN,EQ,21-Apr-2008,7.25,7.55,7.60,7.25,7.40,7.50,7.44,26183,1.95,-,23471,89.64
ASHIMASYN,EQ,22-Apr-2008,7.50,7.65,7.65,7.30,7.35,7.35,7.46,25710,1.92,-,24508,95.32
ASHIMASYN,EQ,23-Apr-2008,7.35,7.30,7.70,7.30,7.70,7.65,7.58,30531,2.31,-,27903,91.39
ASHIMASYN,EQ,24-Apr-2008,7.65,7.50,7.90,7.45,7.65,7.80,7.70,37958,2.92,-,28920,76.19
ASHIMASYN,EQ,25-Apr-2008,7.80,7.90,8.00,7.70,8.00,7.90,7.87,23895,1.88,-,22935,95.98
ASHIMASYN,EQ,28-Apr-2008,7.90,8.00,8.35,7.15,7.90,7.95,8.02,22465,1.80,-,20050,89.25
ASHIMASYN,EQ,29-Apr-2008,7.95,8.40,8.40,7.40,7.95,7.70,7.76,16052,1.25,-,12181,75.88
ASHIMASYN,EQ,30-Apr-2008,7.70,7.65,7.95,7.65,7.80,7.90,7.87,10467,0.82,-,9228,88.16
ASHIMASYN,EQ,02-May-2008,7.90,8.25,8.25,7.50,7.50,7.70,7.77,7362,0.57,-,5995,81.43
ASHIMASYN,EQ,05-May-2008,7.70,7.50,8.00,7.25,8.00,7.95,7.77,5751,0.45,-,4450,77.38
ASHIMASYN,EQ,06-May-2008,7.95,8.40,8.40,7.65,7.65,7.65,7.92,6684,0.53,-,6452,96.53
ASHIMASYN,EQ,07-May-2008,7.65,7.70,8.00,7.70,8.00,8.00,7.97,8656,0.69,-,8006,92.49
ASHIMASYN,EQ,08-May-2008,8.00,7.75,8.25,7.75,8.20,8.15,7.95,15807,1.26,-,8729,55.22
ASHIMASYN,EQ,09-May-2008,8.15,8.20,8.30,7.65,7.70,7.70,8.11,13308,1.08,-,11387,85.57
ASHIMASYN,EQ,12-May-2008,7.70,7.35,7.45,7.20,7.30,7.35,7.32,7823,0.57,-,4460,57.01
ASHIMASYN,EQ,13-May-2008,7.35,7.35,8.25,7.35,7.60,7.60,7.73,3474,0.27,-,2916,83.94
ASHIMASYN,EQ,14-May-2008,7.60,7.10,8.40,7.00,7.90,7.80,7.54,19254,1.45,-,13731,71.32
ASHIMASYN,EQ,15-May-2008,7.80,7.60,7.85,7.50,7.60,7.60,7.61,9400,0.72,-,7100,75.53
ASHIMASYN,EQ,16-May-2008,7.60,7.80,8.00,7.55,7.95,7.95,7.91,7903,0.62,-,7250,91.74
ASHIMASYN,EQ,20-May-2008,7.95,8.00,8.00,7.55,7.80,7.80,7.82,4885,0.38,-,4158,85.12
ASHIMASYN,EQ,21-May-2008,7.80,7.60,8.30,7.50,8.30,8.25,7.80,24429,1.91,-,17772,72.75
ASHIMASYN,EQ,22-May-2008,8.25,8.30,9.90,7.90,9.90,9.65,9.44,133655,12.62,-,63887,47.80
ASHIMASYN,EQ,23-May-2008,9.65,10.75,10.80,9.00,9.00,9.05,9.90,63771,6.32,-,41051,64.37
ASHIMASYN,EQ,26-May-2008,9.05,8.95,9.00,8.35,8.70,8.40,8.58,13735,1.18,-,10785,78.52
ASHIMASYN,EQ,27-May-2008,8.40,8.30,9.00,8.00,8.30,8.25,8.30,14735,1.22,-,11142,75.62
ASHIMASYN,EQ,28-May-2008,8.25,8.00,8.10,7.50,8.00,7.95,7.93,14636,1.16,-,9043,61.79
ASHIMASYN,EQ,29-May-2008,7.95,8.00,8.00,7.55,7.75,7.65,7.73,13074,1.01,-,11484,87.84
ASHIMASYN,EQ,30-May-2008,7.65,7.55,8.00,7.55,7.95,7.75,7.83,15454,1.21,-,13459,87.09
ASHIMASYN,EQ,02-Jun-2008,7.75,7.60,7.95,7.10,7.30,7.30,7.41,19263,1.43,-,15612,81.05
ASHIMASYN,EQ,03-Jun-2008,7.30,6.50,7.35,6.50,7.35,7.15,7.01,11015,0.77,-,7283,66.12
ASHIMASYN,EQ,04-Jun-2008,7.15,7.45,7.90,7.00,7.00,7.00,7.34,13614,1.00,-,9748,71.60
ASHIMASYN,EQ,05-Jun-2008,7.00,6.90,7.30,6.90,7.30,7.20,7.07,20426,1.44,-,11873,58.13
ASHIMASYN,EQ,06-Jun-2008,7.20,7.10,7.50,6.75,7.00,7.05,6.96,22996,1.60,-,19713,85.72
ASHIMASYN,EQ,09-Jun-2008,7.05,6.65,6.85,5.75,6.80,6.80,6.45,26358,1.70,-,16401,62.22
ASHIMASYN,EQ,10-Jun-2008,6.80,6.30,7.00,6.30,6.70,6.80,6.85,4817,0.33,-,2176,45.17
ASHIMASYN,EQ,11-Jun-2008,6.80,6.40,7.35,6.05,7.05,6.85,6.78,25110,1.70,-,6445,25.67
ASHIMASYN,EQ,12-Jun-2008,6.85,6.75,7.00,6.75,6.85,6.85,6.92,1824,0.13,-,1824,100.00
ASHIMASYN,EQ,13-Jun-2008,6.85,6.70,7.15,6.70,6.85,6.85,6.94,6684,0.46,-,2694,40.31
ASHIMASYN,EQ,16-Jun-2008,6.85,7.00,7.45,7.00,7.15,7.15,7.14,6561,0.47,-,4825,73.54
ASHIMASYN,EQ,17-Jun-2008,7.15,7.00,7.70,7.00,7.60,7.60,7.48,4215,0.32,-,4114,97.60
ASHIMASYN,EQ,18-Jun-2008,7.60,7.50,7.80,7.45,7.45,7.45,7.56,6748,0.51,-,6648,98.52
ASHIMASYN,EQ,19-Jun-2008,7.45,7.15,7.40,7.05,7.25,7.30,7.21,5119,0.37,-,3708,72.44
ASHIMASYN,EQ,20-Jun-2008,7.30,7.10,7.35,6.70,6.90,6.75,6.93,12356,0.86,-,11150,90.24
ASHIMASYN,EQ,23-Jun-2008,6.75,6.75,7.30,6.25,6.60,6.55,6.64,11793,0.78,-,7628,64.68
ASHIMASYN,EQ,24-Jun-2008,6.55,7.05,7.05,6.40,6.80,6.65,6.73,6893,0.46,-,4043,58.65
ASHIMASYN,EQ,25-Jun-2008,6.65,6.40,7.20,6.20,6.70,6.65,6.48,4763,0.31,-,2750,57.74
ASHIMASYN,EQ,26-Jun-2008,6.65,7.20,7.20,6.60,6.60,6.60,6.71,4457,0.30,-,3388,76.02
ASHIMASYN,EQ,27-Jun-2008,6.60,6.25,6.55,6.15,6.55,6.45,6.32,11862,0.75,-,7873,66.37
ASHIMASYN,EQ,30-Jun-2008,6.45,6.20,6.35,6.05,6.10,6.20,6.22,9076,0.56,-,8013,88.29
ASHIMASYN,EQ,01-Jul-2008,6.20,6.50,6.50,5.40,5.40,5.55,6.04,8133,0.49,-,7282,89.54
ASHIMASYN,EQ,02-Jul-2008,5.55,5.60,6.00,5.25,5.80,5.85,5.70,13942,0.79,-,6909,49.56
ASHIMASYN,EQ,03-Jul-2008,5.85,5.85,6.45,5.85,6.35,6.25,6.21,15402,0.96,-,11350,73.69
ASHIMASYN,EQ,04-Jul-2008,6.25,5.45,6.30,5.45,6.10,6.10,5.93,8201,0.49,-,4506,54.94
ASHIMASYN,EQ,07-Jul-2008,6.10,6.10,6.60,5.85,6.05,6.25,6.21,3752,0.23,-,2212,58.96
ASHIMASYN,EQ,08-Jul-2008,6.25,6.00,6.50,6.00,6.40,6.40,6.40,3421,0.22,-,3300,96.46
ASHIMASYN,EQ,09-Jul-2008,6.40,6.00,6.90,6.00,6.25,6.25,6.41,7451,0.48,-,6157,82.63
ASHIMASYN,EQ,10-Jul-2008,6.25,6.15,6.50,6.15,6.20,6.20,6.31,2952,0.19,-,2850,96.54
ASHIMASYN,EQ,11-Jul-2008,6.20,6.00,6.85,6.00,6.25,6.40,6.50,5126,0.33,-,3007,58.66
ASHIMASYN,EQ,14-Jul-2008,6.40,5.90,6.35,5.90,6.30,6.30,6.09,1693,0.10,-,1399,82.63
ASHIMASYN,EQ,15-Jul-2008,6.30,6.00,6.55,5.90,6.00,6.00,6.00,10121,0.61,-,7126,70.41
ASHIMASYN,EQ,16-Jul-2008,6.00,6.05,6.05,5.75,5.80,5.80,5.89,4044,0.24,-,2686,66.42
ASHIMASYN,EQ,17-Jul-2008,5.80,6.20,6.20,5.80,6.10,6.00,5.99,3726,0.22,-,2486,66.72
ASHIMASYN,EQ,18-Jul-2008,6.00,6.00,6.15,5.95,6.15,6.10,6.05,1576,0.10,-,1038,65.86
ASHIMASYN,EQ,21-Jul-2008,6.10,6.00,6.25,5.85,6.20,6.00,6.19,1869,0.12,-,1750,93.63
ASHIMASYN,EQ,22-Jul-2008,6.00,6.00,6.50,5.95,6.30,6.30,6.14,3660,0.22,-,3256,88.96
ASHIMASYN,EQ,23-Jul-2008,6.30,6.00,6.75,6.00,6.35,6.35,6.46,4768,0.31,-,3958,83.01
ASHIMASYN,EQ,24-Jul-2008,6.35,6.30,6.35,6.20,6.25,6.25,6.27,3473,0.22,-,2967,85.43
ASHIMASYN,EQ,25-Jul-2008,6.25,6.00,6.45,6.00,6.40,6.40,6.21,2025,0.13,-,1603,79.16
ASHIMASYN,EQ,28-Jul-2008,6.40,6.10,6.35,6.10,6.10,6.10,6.14,4914,0.30,-,4914,100.00
ASHIMASYN,EQ,29-Jul-2008,6.10,6.00,6.40,6.00,6.20,6.20,6.29,1509,0.09,-,1509,100.00
ASHIMASYN,EQ,30-Jul-2008,6.20,6.00,6.40,6.00,6.40,6.35,6.27,3138,0.20,-,1995,63.58
ASHIMASYN,EQ,31-Jul-2008,6.35,6.00,6.50,6.00,6.15,6.15,6.13,20339,1.25,-,17250,84.81
ASHIMASYN,EQ,01-Aug-2008,6.15,6.05,6.25,6.05,6.10,6.15,6.16,5250,0.32,-,3750,71.43
ASHIMASYN,EQ,04-Aug-2008,6.15,5.85,6.80,5.85,6.60,6.60,6.44,12974,0.83,-,9098,70.12
ASHIMASYN,EQ,05-Aug-2008,6.60,6.20,7.00,6.20,6.95,6.95,6.86,10996,0.75,-,9223,83.88
ASHIMASYN,EQ,06-Aug-2008,6.95,6.70,7.00,6.70,6.80,6.80,6.82,6098,0.42,-,5598,91.80
ASHIMASYN,EQ,07-Aug-2008,6.80,6.60,6.95,6.60,6.90,6.90,6.85,4766,0.33,-,3825,80.26
ASHIMASYN,EQ,08-Aug-2008,6.90,6.90,7.00,6.70,6.95,6.95,6.92,3350,0.23,-,2600,77.61
ASHIMASYN,EQ,11-Aug-2008,6.95,6.95,6.95,6.55,6.55,6.60,6.69,8987,0.60,-,5661,62.99
ASHIMASYN,EQ,12-Aug-2008,6.60,6.90,6.90,6.05,6.65,6.60,6.67,5243,0.35,-,4301,82.03
ASHIMASYN,EQ,13-Aug-2008,6.60,6.15,6.80,6.10,6.50,6.50,6.46,6626,0.43,-,4424,66.77
ASHIMASYN,EQ,14-Aug-2008,6.50,6.10,6.70,6.10,6.35,6.50,6.44,2567,0.17,-,1463,56.99
ASHIMASYN,EQ,18-Aug-2008,6.50,6.00,6.75,6.00,6.45,6.45,6.38,2454,0.16,-,1927,78.52
ASHIMASYN,EQ,19-Aug-2008,6.45,6.15,6.25,6.15,6.15,6.15,6.22,3701,0.23,-,3201,86.49
ASHIMASYN,EQ,20-Aug-2008,6.15,6.15,6.45,6.15,6.25,6.25,6.25,542,0.03,-,521,96.13
ASHIMASYN,EQ,21-Aug-2008,6.25,6.15,6.70,5.75,6.00,6.05,6.17,23886,1.47,-,14004,58.63
ASHIMASYN,EQ,22-Aug-2008,6.05,6.30,6.40,6.00,6.40,6.30,6.29,5448,0.34,-,4385,80.49
ASHIMASYN,EQ,25-Aug-2008,6.30,6.30,6.45,5.75,6.40,6.35,6.10,4876,0.30,-,4726,96.92
ASHIMASYN,EQ,26-Aug-2008,6.35,6.00,6.15,6.00,6.05,6.05,6.03,5631,0.34,-,4231,75.14
ASHIMASYN,EQ,27-Aug-2008,6.05,6.00,6.15,5.90,5.95,5.95,5.98,9290,0.56,-,8250,88.81
ASHIMASYN,EQ,28-Aug-2008,5.95,6.00,6.05,5.85,5.85,5.85,5.95,7901,0.47,-,6736,85.26
ASHIMASYN,EQ,29-Aug-2008,5.85,6.00,6.35,5.95,6.35,6.05,6.05,4749,0.29,-,4699,98.95
ASHIMASYN,EQ,01-Sep-2008,6.05,6.00,6.40,5.85,6.40,6.25,6.17,9300,0.57,-,6650,71.51
ASHIMASYN,EQ,02-Sep-2008,6.25,6.05,6.25,6.05,6.25,6.25,6.22,4669,0.29,-,4220,90.38
ASHIMASYN,EQ,04-Sep-2008,6.25,6.05,6.40,5.95,6.10,6.10,6.15,5596,0.34,-,4634,82.81
ASHIMASYN,EQ,05-Sep-2008,6.10,5.90,6.80,5.90,6.10,6.10,6.44,5900,0.38,-,4075,69.07
ASHIMASYN,EQ,08-Sep-2008,6.10,6.15,6.30,6.10,6.25,6.25,6.16,1860,0.11,-,1410,75.81
ASHIMASYN,EQ,09-Sep-2008,6.25,6.00,6.45,6.00,6.05,6.05,6.10,2175,0.13,-,1581,72.69
ASHIMASYN,EQ,10-Sep-2008,6.05,6.00,6.15,6.00,6.15,6.15,6.06,717,0.04,-,717,100.00
ASHIMASYN,EQ,11-Sep-2008,6.15,6.00,6.15,5.90,6.00,6.00,6.03,1412,0.09,-,1202,85.13
ASHIMASYN,EQ,12-Sep-2008,6.00,5.90,6.10,5.90,5.90,5.95,5.94,1849,0.11,-,1414,76.47
ASHIMASYN,EQ,15-Sep-2008,5.95,5.25,5.75,5.00,5.25,5.35,5.15,34519,1.78,-,26700,77.35
ASHIMASYN,EQ,16-Sep-2008,5.35,5.00,5.35,4.85,5.10,5.10,5.09,15015,0.76,-,12110,80.65
ASHIMASYN,EQ,17-Sep-2008,5.10,5.15,5.40,5.10,5.10,5.10,5.23,2136,0.11,-,1426,66.76
ASHIMASYN,EQ,18-Sep-2008,5.10,4.65,4.95,4.50,4.75,4.75,4.62,42469,1.96,-,27137,63.90
ASHIMASYN,EQ,19-Sep-2008,4.75,4.75,5.35,4.75,5.20,5.15,5.11,7421,0.38,-,6278,84.60
ASHIMASYN,EQ,22-Sep-2008,5.15,4.75,5.35,4.75,4.75,4.80,4.84,10193,0.49,-,9015,88.44
ASHIMASYN,EQ,23-Sep-2008,4.80,4.55,4.85,4.55,4.85,4.80,4.74,1744,0.08,-,1593,91.34
ASHIMASYN,EQ,24-Sep-2008,4.80,4.85,5.20,4.65,5.10,5.00,4.92,3964,0.19,-,3101,78.23
ASHIMASYN,EQ,25-Sep-2008,5.00,4.75,5.30,4.75,5.30,5.10,4.94,7381,0.36,-,5305,71.87
ASHIMASYN,EQ,26-Sep-2008,5.10,5.00,5.05,4.85,4.85,4.85,4.94,7772,0.38,-,6770,87.11
ASHIMASYN,EQ,29-Sep-2008,4.85,4.65,4.80,4.20,4.60,4.35,4.38,15072,0.66,-,10629,70.52
ASHIMASYN,EQ,30-Sep-2008,4.35,4.00,4.80,4.00,4.35,4.35,4.36,9109,0.40,-,8188,89.89
ASHIMASYN,EQ,01-Oct-2008,4.35,4.35,4.85,4.10,4.50,4.50,4.55,3921,0.18,-,3639,92.81
ASHIMASYN,EQ,03-Oct-2008,4.50,4.30,4.70,4.30,4.45,4.50,4.51,1184,0.05,-,1152,97.30
ASHIMASYN,EQ,06-Oct-2008,4.50,4.30,4.70,4.00,4.05,4.05,4.10,10370,0.43,-,6359,61.32
ASHIMASYN,EQ,07-Oct-2008,4.05,4.00,4.25,3.85,4.10,4.10,4.08,9647,0.39,-,5083,52.69
ASHIMASYN,EQ,08-Oct-2008,4.10,4.00,4.15,3.80,4.10,4.15,4.10,3086,0.13,-,2352,76.22
ASHIMASYN,EQ,10-Oct-2008,4.15,3.35,4.10,3.35,3.60,3.60,3.58,28200,1.01,-,22109,78.40
ASHIMASYN,EQ,13-Oct-2008,3.60,3.60,4.15,3.60,4.00,4.00,3.94,3771,0.15,-,3617,95.92
ASHIMASYN,EQ,14-Oct-2008,4.00,4.55,4.55,3.80,3.95,3.90,3.92,8991,0.35,-,6115,68.01
ASHIMASYN,EQ,15-Oct-2008,3.90,4.05,4.05,3.40,3.40,3.45,3.60,4019,0.14,-,3333,82.93
ASHIMASYN,EQ,16-Oct-2008,3.45,3.25,3.45,3.15,3.45,3.45,3.29,6504,0.21,-,3450,53.04
ASHIMASYN,EQ,17-Oct-2008,3.45,3.05,3.75,3.05,3.35,3.50,3.40,5648,0.19,-,3791,67.12
ASHIMASYN,EQ,20-Oct-2008,3.50,3.35,3.90,3.35,3.65,3.65,3.50,2341,0.08,-,1651,70.53
ASHIMASYN,EQ,21-Oct-2008,3.65,3.25,3.70,3.20,3.20,3.25,3.27,1889,0.06,-,1572,83.22
ASHIMASYN,EQ,22-Oct-2008,3.25,3.30,3.30,3.20,3.20,3.20,3.22,1200,0.04,-,1200,100.00
ASHIMASYN,EQ,23-Oct-2008,3.20,3.20,3.40,2.90,3.05,3.10,3.07,11999,0.37,-,7030,58.59
ASHIMASYN,EQ,24-Oct-2008,3.10,3.00,3.20,2.70,2.95,2.95,2.96,6865,0.20,-,5300,77.20
ASHIMASYN,EQ,27-Oct-2008,2.95,3.00,3.00,2.50,2.55,2.60,2.64,18601,0.49,-,12860,69.14
ASHIMASYN,EQ,28-Oct-2008,2.60,2.25,3.10,2.25,3.05,3.05,2.89,9196,0.27,-,9186,99.89
ASHIMASYN,EQ,29-Oct-2008,3.05,3.05,3.15,2.75,3.15,3.15,3.08,6901,0.21,-,6001,86.96
ASHIMASYN,EQ,31-Oct-2008,3.15,3.00,3.55,3.00,3.55,3.35,3.16,5741,0.18,-,4379,76.28
ASHIMASYN,EQ,03-Nov-2008,3.35,3.10,3.55,3.00,3.10,3.10,3.16,6379,0.20,-,5425,85.04
ASHIMASYN,EQ,04-Nov-2008,3.10,3.40,3.70,2.60,3.30,3.45,3.38,12904,0.44,-,9726,75.37
ASHIMASYN,EQ,05-Nov-2008,3.45,3.00,3.95,3.00,3.35,3.35,3.58,7902,0.28,-,4701,59.49
ASHIMASYN,EQ,06-Nov-2008,3.35,3.50,3.50,3.50,3.50,3.50,3.50,215,0.01,-,215,100.00
ASHIMASYN,EQ,07-Nov-2008,3.50,3.10,3.60,3.10,3.60,3.60,3.36,2735,0.09,-,1685,61.61
ASHIMASYN,EQ,10-Nov-2008,3.60,3.75,4.30,3.35,3.50,3.60,3.85,9415,0.36,-,7065,75.04
ASHIMASYN,EQ,11-Nov-2008,3.60,3.10,4.00,3.10,3.50,3.50,3.61,5720,0.21,-,5292,92.52
ASHIMASYN,EQ,12-Nov-2008,3.50,3.15,3.70,3.15,3.45,3.45,3.41,4323,0.15,-,2592,59.96
ASHIMASYN,EQ,14-Nov-2008,3.45,3.40,3.70,3.25,3.30,3.30,3.45,11161,0.39,-,8190,73.38
ASHIMASYN,EQ,17-Nov-2008,3.30,3.10,3.40,3.10,3.15,3.20,3.23,4318,0.14,-,1918,44.42
ASHIMASYN,EQ,18-Nov-2008,3.20,3.00,3.30,3.00,3.20,3.20,3.18,2177,0.07,-,2177,100.00
ASHIMASYN,EQ,19-Nov-2008,3.20,3.10,3.15,2.85,2.85,2.85,3.02,8584,0.26,-,6697,78.02
ASHIMASYN,EQ,20-Nov-2008,2.85,3.00,3.30,2.85,2.85,2.85,2.89,7723,0.22,-,6613,85.63
ASHIMASYN,EQ,21-Nov-2008,2.85,2.80,2.90,2.70,2.90,2.90,2.83,1600,0.05,-,1400,87.50
ASHIMASYN,EQ,24-Nov-2008,2.90,2.95,3.30,2.95,3.30,3.30,3.09,1153,0.04,-,1152,99.91
ASHIMASYN,EQ,25-Nov-2008,3.30,3.30,3.30,2.90,3.30,3.30,3.18,463,0.01,-,200,43.20
ASHIMASYN,EQ,26-Nov-2008,3.30,3.00,3.40,2.80,3.20,3.20,3.16,656,0.02,-,366,55.79
ASHIMASYN,EQ,28-Nov-2008,3.20,2.90,2.95,2.75,2.90,2.90,2.85,5609,0.16,-,4609,82.17
ASHIMASYN,EQ,01-Dec-2008,2.90,3.20,3.20,2.75,2.80,2.95,2.94,13900,0.41,-,9500,68.35
ASHIMASYN,EQ,02-Dec-2008,2.95,2.60,2.80,2.60,2.80,2.80,2.65,14990,0.40,-,12489,83.32
ASHIMASYN,EQ,03-Dec-2008,2.80,2.85,2.90,2.75,2.90,2.90,2.87,1400,0.04,-,1400,100.00
ASHIMASYN,EQ,04-Dec-2008,2.90,2.55,3.15,2.55,3.00,3.00,2.87,7998,0.23,-,7099,88.76
ASHIMASYN,EQ,05-Dec-2008,3.00,2.75,3.10,2.75,2.80,2.85,2.90,7917,0.23,-,7275,91.89
ASHIMASYN,EQ,08-Dec-2008,2.85,3.45,3.45,2.80,2.80,2.85,2.99,11510,0.34,-,10732,93.24
ASHIMASYN,EQ,10-Dec-2008,2.85,2.30,3.05,2.30,2.85,2.85,2.89,19181,0.55,-,11412,59.50
ASHIMASYN,EQ,11-Dec-2008,2.85,2.95,3.05,2.85,3.05,3.05,3.01,4046,0.12,-,3848,95.11
ASHIMASYN,EQ,12-Dec-2008,3.05,3.05,3.15,2.90,2.90,3.00,3.02,31514,0.95,-,28808,91.41
ASHIMASYN,EQ,15-Dec-2008,3.00,3.00,3.15,3.00,3.00,3.00,3.01,22858,0.69,-,20615,90.19
ASHIMASYN,EQ,16-Dec-2008,3.00,3.05,3.30,3.05,3.05,3.05,3.13,27753,0.87,-,24894,89.70
ASHIMASYN,EQ,17-Dec-2008,3.05,3.05,3.20,3.00,3.00,3.00,3.05,6666,0.20,-,5650,84.76
ASHIMASYN,EQ,18-Dec-2008,3.00,3.00,3.20,3.00,3.00,3.00,3.04,5968,0.18,-,4950,82.94
ASHIMASYN,EQ,19-Dec-2008,3.00,3.25,3.30,3.00,3.05,3.05,3.05,13509,0.41,-,10909,80.75
ASHIMASYN,EQ,22-Dec-2008,3.05,3.00,3.10,2.95,3.00,3.00,3.00,1600,0.05,-,1600,100.00
ASHIMASYN,EQ,23-Dec-2008,3.00,2.85,3.05,2.85,2.95,2.95,2.99,6532,0.20,-,5852,89.59
ASHIMASYN,EQ,24-Dec-2008,2.95,2.85,3.10,2.85,3.00,3.00,3.06,1658,0.05,-,1458,87.94
ASHIMASYN,EQ,26-Dec-2008,3.00,3.20,3.30,3.00,3.25,3.25,3.24,6500,0.21,-,5500,84.62
ASHIMASYN,EQ,29-Dec-2008,3.25,3.00,3.05,2.85,2.90,2.90,2.99,5350,0.16,-,3850,71.96
ASHIMASYN,EQ,30-Dec-2008,2.90,2.95,3.00,2.95,3.00,3.00,2.95,7023,0.21,-,7023,100.00
ASHIMASYN,EQ,31-Dec-2008,3.00,3.00,3.40,3.00,3.35,3.35,3.31,15679,0.52,-,13224,84.34
Symbol,Series,Date,Prev Close,Open Price,High Price,Low Price,Last Price,Close Price,Average Price,Total Traded Quantity,Turnover in Lacs,No. of Trades,Deliverable Qty,% Dly Qt to Traded Qty
ASHIMASYN,EQ,01-Jan-2009,3.35,3.05,3.40,3.05,3.40,3.35,3.31,5392,0.18,-,3286,60.94
ASHIMASYN,EQ,02-Jan-2009,3.35,3.45,3.45,3.25,3.25,3.25,3.36,9694,0.33,-,7386,76.19
ASHIMASYN,EQ,05-Jan-2009,3.25,3.35,3.40,3.25,3.40,3.35,3.34,18650,0.62,-,17200,92.23
ASHIMASYN,EQ,06-Jan-2009,3.35,3.15,3.55,3.15,3.15,3.15,3.31,6450,0.21,-,4300,66.67
ASHIMASYN,EQ,07-Jan-2009,3.15,3.00,3.25,3.00,3.10,3.10,3.09,8687,0.27,-,6602,76.00
ASHIMASYN,EQ,09-Jan-2009,3.10,3.10,3.10,2.80,2.80,2.80,2.86,4754,0.14,-,4754,100.00
ASHIMASYN,EQ,13-Jan-2009,2.80,2.80,3.00,2.80,2.80,2.80,2.83,1189,0.03,-,1189,100.00
ASHIMASYN,EQ,14-Jan-2009,2.80,2.70,2.90,2.70,2.90,2.90,2.82,2222,0.06,-,2022,91.00
ASHIMASYN,EQ,15-Jan-2009,2.90,2.70,3.10,2.70,2.80,2.80,2.76,1001,0.03,-,900,89.91
ASHIMASYN,EQ,16-Jan-2009,2.80,2.85,2.90,2.75,2.90,2.90,2.83,4001,0.11,-,1700,42.49
ASHIMASYN,EQ,19-Jan-2009,2.90,2.75,3.00,2.75,2.90,2.90,2.88,4406,0.13,-,3200,72.63
ASHIMASYN,EQ,20-Jan-2009,2.90,2.80,3.00,2.80,2.85,2.90,2.96,9500,0.28,-,6800,71.58
ASHIMASYN,EQ,21-Jan-2009,2.90,2.85,3.05,2.85,2.85,2.85,2.88,2602,0.07,-,2350,90.32
ASHIMASYN,EQ,22-Jan-2009,2.85,3.00,3.00,2.75,2.75,2.75,2.84,1505,0.04,-,1505,100.00
ASHIMASYN,EQ,23-Jan-2009,2.75,2.75,2.85,2.55,2.85,2.75,2.72,3189,0.09,-,2499,78.36
ASHIMASYN,EQ,28-Jan-2009,2.75,3.00,3.00,2.60,2.80,2.80,2.78,15188,0.42,-,11050,72.75
ASHIMASYN,EQ,29-Jan-2009,2.80,2.75,2.85,2.75,2.75,2.75,2.80,1851,0.05,-,1418,76.61
ASHIMASYN,EQ,30-Jan-2009,2.75,2.80,2.80,2.70,2.75,2.75,2.78,3348,0.09,-,2348,70.13
ASHIMASYN,EQ,02-Feb-2009,2.75,2.75,2.85,2.65,2.65,2.65,2.70,4350,0.12,-,3350,77.01
ASHIMASYN,EQ,03-Feb-2009,2.65,2.85,2.85,2.85,2.85,2.85,2.85,500,0.01,-,500,100.00
ASHIMASYN,EQ,04-Feb-2009,2.85,2.85,2.85,2.50,2.85,2.80,2.65,10044,0.27,-,6509,64.80
ASHIMASYN,EQ,05-Feb-2009,2.80,2.65,2.95,2.65,2.65,2.65,2.69,230,0.01,-,200,86.96
ASHIMASYN,EQ,06-Feb-2009,2.65,2.60,2.75,2.60,2.60,2.70,2.71,1417,0.04,-,1081,76.29
ASHIMASYN,EQ,09-Feb-2009,2.70,2.80,2.80,2.60,2.65,2.65,2.72,2120,0.06,-,110,5.19
ASHIMASYN,EQ,10-Feb-2009,2.65,2.70,2.80,2.60,2.75,2.75,2.70,11621,0.31,-,11521,99.14
ASHIMASYN,EQ,11-Feb-2009,2.75,2.45,3.05,2.45,2.70,2.70,2.65,13607,0.36,-,4921,36.17
ASHIMASYN,EQ,12-Feb-2009,2.70,2.70,3.00,2.70,2.90,2.80,2.88,17571,0.51,-,11696,66.56
ASHIMASYN,EQ,13-Feb-2009,2.80,2.70,3.10,2.65,2.95,2.95,3.00,14053,0.42,-,12605,89.70
ASHIMASYN,EQ,16-Feb-2009,2.95,2.95,3.05,2.65,2.65,2.75,2.83,7801,0.22,-,5930,76.02
ASHIMASYN,EQ,17-Feb-2009,2.75,3.05,3.05,2.65,2.75,2.75,2.77,6173,0.17,-,4049,65.59
ASHIMASYN,EQ,18-Feb-2009,2.75,2.95,2.95,2.80,2.90,2.90,2.90,4782,0.14,-,3980,83.23
ASHIMASYN,EQ,19-Feb-2009,2.90,2.90,2.90,2.70,2.75,2.75,2.76,555,0.02,-,455,81.98
ASHIMASYN,EQ,20-Feb-2009,2.75,2.70,2.70,2.55,2.55,2.55,2.64,800,0.02,-,800,100.00
ASHIMASYN,EQ,24-Feb-2009,2.55,2.75,2.75,2.50,2.60,2.60,2.62,2805,0.07,-,2805,100.00
ASHIMASYN,EQ,25-Feb-2009,2.60,2.80,2.80,2.45,2.75,2.55,2.71,975,0.03,-,975,100.00
ASHIMASYN,EQ,26-Feb-2009,2.55,2.45,2.45,2.45,2.45,2.45,2.45,300,0.01,-,300,100.00
ASHIMASYN,EQ,27-Feb-2009,2.45,2.50,2.75,2.45,2.50,2.50,2.56,6500,0.17,-,3837,59.03
ASHIMASYN,EQ,02-Mar-2009,2.50,2.70,2.70,2.35,2.65,2.65,2.69,3086,0.08,-,3086,100.00
ASHIMASYN,EQ,03-Mar-2009,2.65,2.35,3.00,2.35,2.80,2.75,2.73,9472,0.26,-,8700,91.85
ASHIMASYN,EQ,04-Mar-2009,2.75,2.85,2.85,2.50,2.70,2.60,2.60,8554,0.22,-,8551,99.96
ASHIMASYN,EQ,05-Mar-2009,2.60,2.50,2.50,2.20,2.25,2.25,2.38,4534,0.11,-,4533,99.98
ASHIMASYN,EQ,06-Mar-2009,2.25,2.60,2.60,2.20,2.30,2.35,2.47,6862,0.17,-,6525,95.09
ASHIMASYN,EQ,09-Mar-2009,2.35,2.05,2.55,2.05,2.40,2.40,2.33,1538,0.04,-,600,39.01
ASHIMASYN,EQ,12-Mar-2009,2.40,2.50,2.55,2.25,2.35,2.35,2.40,15391,0.37,-,12617,81.98
ASHIMASYN,EQ,13-Mar-2009,2.35,2.50,2.55,2.30,2.40,2.40,2.46,1522,0.04,-,1452,95.40
ASHIMASYN,EQ,16-Mar-2009,2.40,2.65,2.75,2.60,2.75,2.75,2.69,9015,0.24,-,8587,95.25
ASHIMASYN,EQ,17-Mar-2009,2.75,2.90,2.90,2.50,2.90,2.90,2.68,2951,0.08,-,2771,93.90
ASHIMASYN,EQ,18-Mar-2009,2.90,2.75,2.75,2.60,2.65,2.65,2.73,2300,0.06,-,2300,100.00
ASHIMASYN,EQ,19-Mar-2009,2.65,2.65,2.65,2.45,2.55,2.55,2.55,2267,0.06,-,1765,77.86
ASHIMASYN,EQ,20-Mar-2009,2.55,2.45,2.60,2.45,2.55,2.55,2.50,1922,0.05,-,1622,84.39
ASHIMASYN,EQ,23-Mar-2009,2.55,2.70,2.70,2.35,2.35,2.35,2.42,7719,0.19,-,6264,81.15
ASHIMASYN,EQ,24-Mar-2009,2.35,2.50,2.60,1.90,2.35,2.35,2.31,16302,0.38,-,12443,76.33
ASHIMASYN,EQ,25-Mar-2009,2.35,2.30,2.50,2.30,2.30,2.30,2.42,978,0.02,-,870,88.96
ASHIMASYN,EQ,26-Mar-2009,2.30,2.30,2.50,2.20,2.50,2.50,2.32,12044,0.28,-,10662,88.53
ASHIMASYN,EQ,27-Mar-2009,2.50,2.40,2.50,2.30,2.45,2.30,2.34,14458,0.34,-,13454,93.06
ASHIMASYN,EQ,30-Mar-2009,2.30,2.25,2.65,2.25,2.45,2.45,2.51,10048,0.25,-,6664,66.32
ASHIMASYN,EQ,31-Mar-2009,2.45,2.45,2.65,2.45,2.65,2.65,2.47,217,0.01,-,217,100.00
ASHIMASYN,EQ,01-Apr-2009,2.65,2.30,2.70,2.30,2.50,2.50,2.47,2284,0.06,-,1779,77.89
ASHIMASYN,EQ,02-Apr-2009,2.50,2.70,2.95,2.60,2.70,2.70,2.79,22863,0.64,-,22652,99.08
ASHIMASYN,EQ,06-Apr-2009,2.70,2.90,2.90,2.55,2.60,2.60,2.70,12840,0.35,-,10892,84.83
ASHIMASYN,EQ,08-Apr-2009,2.60,2.55,2.95,2.35,2.95,2.80,2.79,48849,1.36,-,47825,97.90
ASHIMASYN,EQ,09-Apr-2009,2.80,3.00,3.00,2.90,3.00,2.95,2.96,27300,0.81,-,26100,95.60
ASHIMASYN,EQ,13-Apr-2009,2.95,3.00,3.20,2.95,3.00,3.00,3.05,11186,0.34,-,9285,83.01
ASHIMASYN,EQ,15-Apr-2009,3.00,3.00,3.35,3.00,3.30,3.20,3.22,57924,1.87,-,52927,91.37
ASHIMASYN,EQ,16-Apr-2009,3.20,3.45,3.50,3.05,3.20,3.20,3.32,23098,0.77,-,20548,88.96
ASHIMASYN,EQ,17-Apr-2009,3.20,3.00,3.30,3.00,3.10,3.10,3.20,17847,0.57,-,13871,77.72
ASHIMASYN,BE,20-Apr-2009,3.10,3.00,3.00,2.95,2.95,2.95,3.00,38501,1.15,-,-,-
ASHIMASYN,BE,21-Apr-2009,2.95,2.90,2.90,2.90,2.90,2.90,2.90,2001,0.06,-,-,-
ASHIMASYN,BE,22-Apr-2009,2.90,3.05,3.05,2.95,2.95,2.95,3.01,1400,0.04,-,-,-
ASHIMASYN,BE,23-Apr-2009,2.95,2.80,2.95,2.80,2.95,2.90,2.84,3594,0.10,-,-,-
ASHIMASYN,BE,24-Apr-2009,2.90,2.90,2.95,2.80,2.80,2.80,2.83,3320,0.09,-,-,-
ASHIMASYN,BE,27-Apr-2009,2.80,2.95,2.95,2.80,2.80,2.80,2.92,1214,0.04,-,-,-
ASHIMASYN,BE,28-Apr-2009,2.80,2.95,2.95,2.95,2.95,2.95,2.95,1,0.00,-,-,-
ASHIMASYN,BE,29-Apr-2009,2.95,2.80,2.80,2.80,2.80,2.80,2.80,700,0.02,-,-,-
ASHIMASYN,BE,04-May-2009,2.80,2.90,2.95,2.70,2.95,2.90,2.84,5493,0.16,-,-,-
ASHIMASYN,BE,05-May-2009,2.90,2.80,3.05,2.75,2.85,2.85,2.91,4085,0.12,-,-,-
ASHIMASYN,BE,06-May-2009,2.85,2.75,3.00,2.75,2.75,2.75,2.76,7150,0.20,-,-,-
ASHIMASYN,BE,07-May-2009,2.75,2.90,2.90,2.90,2.90,2.90,2.90,250,0.01,-,-,-
ASHIMASYN,BE,08-May-2009,2.90,2.90,3.00,2.75,2.80,2.85,2.85,4401,0.13,-,-,-
ASHIMASYN,BE,11-May-2009,2.85,2.80,2.80,2.75,2.75,2.75,2.77,7720,0.21,-,-,-
ASHIMASYN,BE,12-May-2009,2.75,2.65,2.80,2.65,2.80,2.80,2.65,27452,0.73,-,-,-
ASHIMASYN,BE,13-May-2009,2.80,2.85,2.95,2.85,2.85,2.85,2.88,3000,0.09,-,-,-
ASHIMASYN,BE,14-May-2009,2.85,2.90,2.95,2.80,2.95,2.95,2.90,4115,0.12,-,-,-
ASHIMASYN,BE,19-May-2009,2.95,2.80,3.10,2.80,2.90,2.90,2.99,10327,0.31,-,-,-
ASHIMASYN,BE,20-May-2009,2.90,3.05,3.05,3.05,3.05,3.05,3.05,2550,0.08,-,-,-
ASHIMASYN,BE,21-May-2009,3.05,3.20,3.20,3.20,3.20,3.20,3.20,1200,0.04,-,-,-
ASHIMASYN,BE,22-May-2009,3.20,3.40,3.40,3.30,3.40,3.40,3.40,3952,0.13,-,-,-
ASHIMASYN,BE,25-May-2009,3.40,3.60,3.60,3.60,3.60,3.60,3.60,7257,0.26,-,-,-
ASHIMASYN,BE,26-May-2009,3.60,3.80,3.80,3.80,3.80,3.80,3.80,2522,0.10,-,-,-
ASHIMASYN,BE,27-May-2009,3.80,4.00,4.00,3.90,4.00,4.00,4.00,6027,0.24,-,-,-
ASHIMASYN,BE,28-May-2009,4.00,4.20,4.20,4.20,4.20,4.20,4.20,13888,0.58,-,-,-
ASHIMASYN,BE,29-May-2009,4.20,4.40,4.45,4.40,4.45,4.45,4.41,9225,0.41,-,-,-
ASHIMASYN,BE,01-Jun-2009,4.45,4.55,4.70,4.50,4.70,4.70,4.69,53066,2.49,-,-,-
ASHIMASYN,BE,02-Jun-2009,4.70,4.90,4.95,4.75,4.95,4.95,4.91,18607,0.91,-,-,-
ASHIMASYN,BE,03-Jun-2009,4.95,5.20,5.20,5.00,5.20,5.20,5.18,37720,1.95,-,-,-
ASHIMASYN,BE,04-Jun-2009,5.20,5.20,5.50,5.20,5.50,5.50,5.33,27714,1.48,-,-,-
ASHIMASYN,BE,05-Jun-2009,5.50,5.75,5.80,5.25,5.60,5.70,5.68,32854,1.87,-,-,-
ASHIMASYN,BE,08-Jun-2009,5.70,5.60,5.60,5.45,5.45,5.45,5.49,18251,1.00,-,-,-
ASHIMASYN,BE,09-Jun-2009,5.45,5.20,5.20,5.20,5.20,5.20,5.20,2000,0.10,-,-,-
ASHIMASYN,BE,10-Jun-2009,5.20,5.15,5.20,4.95,4.95,4.95,4.99,9957,0.50,-,-,-
ASHIMASYN,BE,11-Jun-2009,4.95,4.70,4.70,4.70,4.70,4.70,4.70,5161,0.24,-,-,-
ASHIMASYN,BE,12-Jun-2009,4.70,4.50,4.50,4.50,4.50,4.50,4.50,1760,0.08,-,-,-
ASHIMASYN,BE,15-Jun-2009,4.50,4.30,4.30,4.30,4.30,4.30,4.30,1000,0.04,-,-,-
ASHIMASYN,BE,16-Jun-2009,4.30,4.10,4.10,4.10,4.10,4.10,4.10,1255,0.05,-,-,-
ASHIMASYN,BE,17-Jun-2009,4.10,4.35,4.35,3.90,3.90,3.90,3.97,10874,0.43,-,-,-
ASHIMASYN,BE,18-Jun-2009,3.90,3.70,3.70,3.70,3.70,3.70,3.70,2300,0.09,-,-,-
ASHIMASYN,BE,19-Jun-2009,3.70,3.55,3.90,3.55,3.55,3.55,3.64,3644,0.13,-,-,-
ASHIMASYN,BE,22-Jun-2009,3.55,3.55,3.75,3.40,3.40,3.40,3.51,5598,0.20,-,-,-
ASHIMASYN,BE,23-Jun-2009,3.40,3.35,3.50,3.35,3.50,3.50,3.50,7200,0.25,-,-,-
ASHIMASYN,BE,24-Jun-2009,3.50,3.70,3.70,3.45,3.70,3.70,3.57,11890,0.42,-,-,-
ASHIMASYN,BE,25-Jun-2009,3.70,3.60,3.90,3.55,3.80,3.80,3.79,9909,0.38,-,-,-
ASHIMASYN,BE,26-Jun-2009,3.80,4.00,4.00,3.75,3.75,3.80,3.85,8400,0.32,-,-,-
ASHIMASYN,BE,29-Jun-2009,3.80,4.00,4.00,3.65,4.00,4.00,3.96,17038,0.67,-,-,-
ASHIMASYN,BE,30-Jun-2009,4.00,4.10,4.20,3.80,4.10,4.10,3.99,12467,0.50,-,-,-
ASHIMASYN,BE,01-Jul-2009,4.10,3.90,4.20,3.90,3.90,3.90,4.04,3301,0.13,-,-,-
ASHIMASYN,BE,02-Jul-2009,3.90,4.05,4.10,3.80,3.90,3.90,4.00,18598,0.74,-,-,-
ASHIMASYN,BE,03-Jul-2009,3.90,3.90,4.00,3.80,4.00,4.00,3.87,4783,0.19,-,-,-
ASHIMASYN,BE,06-Jul-2009,4.00,4.15,4.20,3.95,3.95,3.95,4.06,12661,0.51,-,-,-
ASHIMASYN,BE,07-Jul-2009,3.95,3.95,3.95,3.75,3.75,3.75,3.83,651,0.02,-,-,-
ASHIMASYN,BE,08-Jul-2009,3.75,3.85,3.85,3.85,3.85,3.85,3.85,500,0.02,-,-,-
ASHIMASYN,BE,09-Jul-2009,3.85,3.70,3.90,3.70,3.90,3.90,3.77,3100,0.12,-,-,-
ASHIMASYN,BE,10-Jul-2009,3.90,3.70,3.80,3.70,3.70,3.70,3.72,16006,0.59,-,-,-
ASHIMASYN,BE,13-Jul-2009,3.70,3.55,3.70,3.55,3.55,3.55,3.64,12300,0.45,-,-,-
ASHIMASYN,BE,14-Jul-2009,3.55,3.65,3.75,3.40,3.40,3.40,3.53,9336,0.33,-,-,-
ASHIMASYN,BE,15-Jul-2009,3.40,3.60,3.60,3.60,3.60,3.60,3.60,1505,0.05,-,-,-
ASHIMASYN,BE,16-Jul-2009,3.60,3.70,3.75,3.50,3.75,3.75,3.65,3125,0.11,-,-,-
ASHIMASYN,BE,17-Jul-2009,3.75,3.85,3.85,3.60,3.60,3.60,3.74,7930,0.30,-,-,-
ASHIMASYN,BE,20-Jul-2009,3.60,3.75,3.75,3.45,3.50,3.50,3.54,14000,0.50,-,-,-
ASHIMASYN,BE,21-Jul-2009,3.50,3.55,3.55,3.40,3.40,3.40,3.47,4442,0.15,-,-,-
ASHIMASYN,BE,22-Jul-2009,3.40,3.60,3.60,3.45,3.50,3.50,3.53,24655,0.87,-,-,-
ASHIMASYN,BE,23-Jul-2009,3.50,3.60,3.60,3.45,3.50,3.50,3.58,1565,0.06,-,-,-
ASHIMASYN,BE,24-Jul-2009,3.50,3.50,3.50,3.45,3.50,3.50,3.47,5000,0.17,-,-,-
ASHIMASYN,BE,27-Jul-2009,3.50,3.40,3.50,3.40,3.50,3.50,3.43,1976,0.07,-,-,-
ASHIMASYN,BE,28-Jul-2009,3.50,3.45,3.70,3.45,3.70,3.70,3.66,11301,0.41,-,-,-
ASHIMASYN,BE,29-Jul-2009,3.70,3.80,3.80,3.70,3.70,3.70,3.76,3437,0.13,-,-,-
ASHIMASYN,BE,30-Jul-2009,3.70,3.55,3.70,3.55,3.70,3.70,3.67,250,0.01,-,-,-
ASHIMASYN,BE,31-Jul-2009,3.70,3.70,3.70,3.55,3.65,3.65,3.63,3516,0.13,-,-,-
ASHIMASYN,BE,03-Aug-2009,3.65,3.85,3.85,3.50,3.60,3.60,3.71,6096,0.23,-,-,-
ASHIMASYN,BE,04-Aug-2009,3.60,3.60,3.60,3.50,3.50,3.50,3.51,4950,0.17,-,-,-
ASHIMASYN,BE,05-Aug-2009,3.50,3.70,3.70,3.65,3.70,3.70,3.70,24050,0.89,-,-,-
ASHIMASYN,BE,06-Aug-2009,3.70,3.55,3.80,3.55,3.65,3.65,3.63,5801,0.21,-,-,-
ASHIMASYN,BE,07-Aug-2009,3.65,3.75,3.85,3.60,3.60,3.60,3.82,14425,0.55,-,-,-
ASHIMASYN,BE,10-Aug-2009,3.60,3.65,3.65,3.50,3.65,3.65,3.54,12500,0.44,-,-,-
ASHIMASYN,BE,11-Aug-2009,3.65,3.80,3.80,3.50,3.60,3.60,3.53,27635,0.97,-,-,-
ASHIMASYN,BE,12-Aug-2009,3.60,3.60,3.60,3.45,3.45,3.50,3.50,26923,0.94,-,-,-
ASHIMASYN,BE,13-Aug-2009,3.50,3.40,3.70,3.40,3.50,3.50,3.54,8089,0.29,-,-,-
ASHIMASYN,BE,14-Aug-2009,3.50,3.40,3.70,3.40,3.70,3.70,3.49,8256,0.29,-,-,-
ASHIMASYN,BE,18-Aug-2009,3.70,3.60,3.70,3.55,3.70,3.70,3.58,3515,0.13,-,-,-
ASHIMASYN,BE,19-Aug-2009,3.70,3.60,3.60,3.60,3.60,3.60,3.60,3700,0.13,-,-,-
ASHIMASYN,BE,20-Aug-2009,3.60,3.60,3.65,3.55,3.65,3.65,3.62,5800,0.21,-,-,-
ASHIMASYN,EQ,21-Aug-2009,3.65,3.55,3.60,3.50,3.50,3.50,3.50,17202,0.60,-,16411,95.40
ASHIMASYN,EQ,24-Aug-2009,3.50,3.40,3.60,3.40,3.50,3.50,3.55,5500,0.20,-,4400,80.00
ASHIMASYN,EQ,25-Aug-2009,3.50,3.50,3.65,3.50,3.65,3.55,3.58,35027,1.25,-,35027,100.00
ASHIMASYN,EQ,26-Aug-2009,3.55,3.60,3.75,3.55,3.75,3.75,3.72,84429,3.14,-,82375,97.57
ASHIMASYN,EQ,27-Aug-2009,3.75,3.80,3.95,3.65,3.95,3.95,3.89,64936,2.52,-,63605,97.95
ASHIMASYN,EQ,28-Aug-2009,3.95,4.10,4.15,4.00,4.15,4.00,4.13,32945,1.36,-,27144,82.39
ASHIMASYN,EQ,31-Aug-2009,4.00,4.00,4.10,3.95,4.10,4.10,4.05,17060,0.69,-,13968,81.88
ASHIMASYN,EQ,01-Sep-2009,4.10,3.90,4.20,3.90,4.00,4.00,4.09,10055,0.41,-,9320,92.69
ASHIMASYN,EQ,02-Sep-2009,4.00,4.00,4.10,3.90,3.90,3.90,4.00,14544,0.58,-,13076,89.91
ASHIMASYN,EQ,03-Sep-2009,3.90,3.80,4.00,3.80,4.00,3.95,3.91,3992,0.16,-,3192,79.96
ASHIMASYN,EQ,04-Sep-2009,3.95,3.80,3.95,3.80,3.85,3.85,3.87,3432,0.13,-,2082,60.66
ASHIMASYN,EQ,07-Sep-2009,3.85,3.90,4.25,3.90,4.25,4.25,4.20,60715,2.55,-,53010,87.31
ASHIMASYN,EQ,08-Sep-2009,4.25,4.50,4.65,4.25,4.45,4.25,4.47,33156,1.48,-,22505,67.88
ASHIMASYN,EQ,09-Sep-2009,4.25,4.15,4.35,4.05,4.10,4.10,4.17,13186,0.55,-,9184,69.65
ASHIMASYN,EQ,10-Sep-2009,4.10,4.00,4.20,4.00,4.05,4.15,4.13,13688,0.56,-,11400,83.28
ASHIMASYN,EQ,11-Sep-2009,4.15,4.10,4.55,4.10,4.55,4.50,4.40,108095,4.75,-,83678,77.41
ASHIMASYN,EQ,14-Sep-2009,4.50,4.65,4.90,4.35,4.35,4.40,4.52,104987,4.75,-,71337,67.95
ASHIMASYN,EQ,15-Sep-2009,4.40,4.45,4.60,4.30,4.30,4.30,4.47,39461,1.76,-,28602,72.48
ASHIMASYN,EQ,16-Sep-2009,4.30,4.30,4.50,4.20,4.40,4.35,4.30,20732,0.89,-,14634,70.59
ASHIMASYN,EQ,17-Sep-2009,4.35,4.35,4.35,4.10,4.15,4.15,4.20,21595,0.91,-,17890,82.84
ASHIMASYN,EQ,18-Sep-2009,4.15,4.10,4.60,4.10,4.55,4.45,4.48,83530,3.74,-,56425,67.55
ASHIMASYN,EQ,22-Sep-2009,4.45,4.45,4.60,4.40,4.40,4.40,4.43,8204,0.36,-,8100,98.73
ASHIMASYN,EQ,23-Sep-2009,4.40,4.45,4.50,4.10,4.10,4.35,4.31,30760,1.32,-,24245,78.82
ASHIMASYN,EQ,24-Sep-2009,4.35,4.10,4.30,4.00,4.15,4.20,4.12,19444,0.80,-,13857,71.27
ASHIMASYN,EQ,25-Sep-2009,4.20,4.20,4.25,4.00,4.10,4.10,4.08,4234,0.17,-,3201,75.60
ASHIMASYN,EQ,29-Sep-2009,4.10,4.30,4.30,3.90,4.30,4.25,4.27,10590,0.45,-,8145,76.91
ASHIMASYN,EQ,30-Sep-2009,4.25,4.15,4.35,4.15,4.20,4.30,4.27,20292,0.87,-,14233,70.14
ASHIMASYN,EQ,01-Oct-2009,4.30,4.25,4.55,4.10,4.15,4.15,4.23,7259,0.31,-,5936,81.77
ASHIMASYN,EQ,05-Oct-2009,4.15,3.90,4.30,3.90,4.10,4.15,4.10,7527,0.31,-,6627,88.04
ASHIMASYN,EQ,06-Oct-2009,4.15,4.15,4.30,3.95,4.05,4.10,4.04,4098,0.17,-,3517,85.82
ASHIMASYN,EQ,07-Oct-2009,4.10,4.30,4.30,4.00,4.00,4.00,4.11,9956,0.41,-,6608,66.37
ASHIMASYN,EQ,08-Oct-2009,4.00,4.05,4.25,4.00,4.15,4.10,4.11,10374,0.43,-,8474,81.68
ASHIMASYN,EQ,09-Oct-2009,4.10,4.00,4.15,3.90,3.95,3.95,4.01,22903,0.92,-,11898,51.95
ASHIMASYN,EQ,12-Oct-2009,3.95,3.95,3.95,3.80,3.90,3.90,3.89,3167,0.12,-,2912,91.95
ASHIMASYN,EQ,14-Oct-2009,3.90,3.90,3.95,3.85,3.85,3.85,3.88,4002,0.16,-,2999,74.94
ASHIMASYN,EQ,15-Oct-2009,3.85,3.85,3.85,3.80,3.80,3.85,3.84,3746,0.14,-,2514,67.11
ASHIMASYN,EQ,16-Oct-2009,3.85,3.90,3.90,3.55,3.65,3.70,3.78,11886,0.45,-,6886,57.93
ASHIMASYN,EQ,17-Oct-2009,3.70,3.95,4.05,3.75,3.90,3.85,3.93,3750,0.15,-,1805,48.13
ASHIMASYN,EQ,20-Oct-2009,3.85,3.80,4.25,3.80,4.25,4.25,4.13,9229,0.38,-,8254,89.44
ASHIMASYN,EQ,21-Oct-2009,4.25,4.70,4.70,4.25,4.65,4.65,4.62,66535,3.07,-,48362,72.69
ASHIMASYN,EQ,22-Oct-2009,4.65,4.65,4.65,4.25,4.35,4.35,4.41,17606,0.78,-,12966,73.65
ASHIMASYN,EQ,23-Oct-2009,4.35,4.60,4.70,4.10,4.20,4.30,4.32,23575,1.02,-,16715,70.90
ASHIMASYN,EQ,26-Oct-2009,4.30,4.10,4.30,4.05,4.25,4.25,4.19,6733,0.28,-,5426,80.59
ASHIMASYN,EQ,27-Oct-2009,4.25,4.10,4.20,3.90,3.90,3.95,4.10,13535,0.55,-,8819,65.16
ASHIMASYN,EQ,28-Oct-2009,3.95,4.10,4.15,3.70,4.10,4.00,3.95,10807,0.43,-,8162,75.53
ASHIMASYN,EQ,29-Oct-2009,4.00,4.00,4.00,3.65,3.90,3.75,3.86,9425,0.36,-,7057,74.88
ASHIMASYN,EQ,30-Oct-2009,3.75,3.90,4.00,3.80,3.80,3.80,3.93,5201,0.20,-,4778,91.87
ASHIMASYN,EQ,03-Nov-2009,3.80,4.00,4.00,3.60,3.60,3.75,3.80,8800,0.33,-,7400,84.09
ASHIMASYN,EQ,04-Nov-2009,3.75,3.60,3.80,3.60,3.75,3.75,3.70,3000,0.11,-,1950,65.00
ASHIMASYN,EQ,05-Nov-2009,3.75,3.65,3.95,3.65,3.90,3.90,3.81,7650,0.29,-,5025,65.69
ASHIMASYN,EQ,06-Nov-2009,3.90,3.75,4.10,3.75,4.00,4.05,3.93,12036,0.47,-,9011,74.87
ASHIMASYN,EQ,09-Nov-2009,4.05,3.70,4.50,3.70,4.35,4.35,4.22,32642,1.38,-,16554,50.71
ASHIMASYN,EQ,10-Nov-2009,4.35,4.05,4.35,4.05,4.30,4.15,4.17,8169,0.34,-,4757,58.23
ASHIMASYN,EQ,11-Nov-2009,4.15,4.30,4.45,4.05,4.30,4.30,4.24,4766,0.20,-,4096,85.94
ASHIMASYN,EQ,12-Nov-2009,4.30,4.00,4.50,4.00,4.30,4.30,4.37,9440,0.41,-,7680,81.36
ASHIMASYN,EQ,13-Nov-2009,4.30,4.50,5.20,4.50,5.20,5.20,4.95,58233,2.88,-,29774,51.13
ASHIMASYN,EQ,16-Nov-2009,5.20,6.10,6.10,4.90,5.05,5.00,5.17,68774,3.56,-,48740,70.87
ASHIMASYN,EQ,17-Nov-2009,5.00,5.40,5.40,4.90,5.00,5.00,5.04,24506,1.23,-,20324,82.93
ASHIMASYN,EQ,18-Nov-2009,5.00,5.00,5.15,4.90,4.95,4.95,5.04,17625,0.89,-,13484,76.50
ASHIMASYN,EQ,19-Nov-2009,4.95,5.00,5.15,4.85,5.00,5.00,5.04,22319,1.12,-,14501,64.97
ASHIMASYN,EQ,20-Nov-2009,5.00,4.80,5.00,4.65,5.00,4.80,4.82,17580,0.85,-,11571,65.82
ASHIMASYN,EQ,23-Nov-2009,4.80,4.60,4.80,4.60,4.80,4.75,4.71,13049,0.62,-,11489,88.05
ASHIMASYN,EQ,24-Nov-2009,4.75,5.00,5.00,4.55,4.90,4.70,4.71,9717,0.46,-,6458,66.46
ASHIMASYN,EQ,25-Nov-2009,4.70,4.55,4.80,4.55,4.75,4.75,4.73,13261,0.63,-,8816,66.48
ASHIMASYN,EQ,26-Nov-2009,4.75,4.45,4.80,4.30,4.55,4.55,4.65,15718,0.73,-,9672,61.53
ASHIMASYN,EQ,27-Nov-2009,4.55,4.10,4.60,4.10,4.25,4.25,4.37,14095,0.62,-,13367,94.84
ASHIMASYN,EQ,30-Nov-2009,4.25,4.50,4.85,4.30,4.60,4.45,4.60,15803,0.73,-,8651,54.74
ASHIMASYN,EQ,01-Dec-2009,4.45,4.70,4.85,4.40,4.60,4.65,4.66,19002,0.89,-,13114,69.01
ASHIMASYN,EQ,02-Dec-2009,4.65,5.00,5.00,4.65,4.85,4.75,4.86,10076,0.49,-,7301,72.46
ASHIMASYN,EQ,03-Dec-2009,4.75,5.00,5.25,4.90,5.00,5.05,5.10,35530,1.81,-,22361,62.94
ASHIMASYN,EQ,04-Dec-2009,5.05,4.85,5.10,4.85,4.95,4.95,4.98,16287,0.81,-,14084,86.47
ASHIMASYN,EQ,07-Dec-2009,4.95,5.50,5.95,5.05,5.95,5.95,5.81,115367,6.71,-,71597,62.06
ASHIMASYN,EQ,08-Dec-2009,5.95,6.45,7.15,5.70,6.85,6.90,6.76,412186,27.84,-,136754,33.18
ASHIMASYN,EQ,09-Dec-2009,6.90,6.85,7.25,6.40,6.60,6.65,6.88,125143,8.61,-,83472,66.70
ASHIMASYN,EQ,10-Dec-2009,6.65,6.80,6.85,6.50,6.65,6.70,6.68,47195,3.15,-,25732,54.52
ASHIMASYN,EQ,11-Dec-2009,6.70,6.50,7.00,6.50,6.50,6.55,6.59,53372,3.52,-,45781,85.78
ASHIMASYN,EQ,14-Dec-2009,6.55,6.70,6.70,5.90,5.90,6.00,6.10,32896,2.01,-,27492,83.57
ASHIMASYN,EQ,15-Dec-2009,6.00,6.00,6.00,5.50,5.75,5.80,5.79,29964,1.73,-,16101,53.73
ASHIMASYN,EQ,16-Dec-2009,5.80,5.75,6.00,5.55,5.95,5.85,5.73,31103,1.78,-,16622,53.44
ASHIMASYN,EQ,17-Dec-2009,5.85,5.30,5.90,5.30,5.50,5.55,5.62,18128,1.02,-,9171,50.59
ASHIMASYN,EQ,18-Dec-2009,5.55,5.95,5.95,5.45,5.50,5.50,5.62,18341,1.03,-,10496,57.23
ASHIMASYN,EQ,21-Dec-2009,5.50,5.50,6.00,5.30,5.55,5.55,5.57,18773,1.05,-,14254,75.93
ASHIMASYN,EQ,22-Dec-2009,5.55,5.70,5.90,5.60,5.65,5.70,5.67,12035,0.68,-,11425,94.93
ASHIMASYN,EQ,23-Dec-2009,5.70,5.70,5.80,5.65,5.75,5.70,5.71,5800,0.33,-,4336,74.76
ASHIMASYN,EQ,24-Dec-2009,5.70,5.55,5.80,5.50,5.65,5.65,5.60,17590,0.99,-,13579,77.20
ASHIMASYN,EQ,29-Dec-2009,5.65,5.60,5.65,5.50,5.60,5.60,5.59,8825,0.49,-,8578,97.20
ASHIMASYN,EQ,30-Dec-2009,5.60,5.70,5.85,5.35,5.55,5.55,5.68,22763,1.29,-,9565,42.02
ASHIMASYN,EQ,31-Dec-2009,5.55,5.65,6.00,5.60,6.00,5.80,5.77,55664,3.21,-,42921,77.11
Symbol,Series,Date,Prev Close,Open Price,High Price,Low Price,Last Price,Close Price,Average Price,Total Traded Quantity,Turnover in Lacs,No. of Trades,Deliverable Qty,% Dly Qt to Traded Qty
ASHIMASYN,EQ,04-Jan-2010,5.80,6.05,6.40,6.05,6.20,6.20,6.29,54380,3.42,-,33363,61.35
ASHIMASYN,EQ,05-Jan-2010,6.20,6.00,6.75,6.00,6.55,6.50,6.51,71737,4.67,-,49437,68.91
ASHIMASYN,EQ,06-Jan-2010,6.50,6.70,6.75,6.10,6.25,6.35,6.37,18165,1.16,-,11557,63.62
ASHIMASYN,EQ,07-Jan-2010,6.35,6.15,6.55,6.10,6.50,6.40,6.32,43636,2.76,-,22646,51.90
ASHIMASYN,EQ,08-Jan-2010,6.40,6.50,7.70,6.50,7.70,7.70,7.54,250582,18.89,-,105534,42.12
ASHIMASYN,EQ,11-Jan-2010,7.70,8.40,9.15,6.25,7.60,7.65,7.86,279994,22.01,-,116937,41.76
ASHIMASYN,EQ,12-Jan-2010,7.65,7.10,7.70,7.10,7.50,7.35,7.54,91298,6.89,-,48627,53.26
ASHIMASYN,EQ,13-Jan-2010,7.35,7.50,7.75,7.00,7.15,7.10,7.20,190911,13.75,-,177584,93.02
ASHIMASYN,EQ,14-Jan-2010,7.10,7.20,8.40,7.20,7.30,7.40,7.51,70469,5.29,-,29571,41.96
ASHIMASYN,EQ,15-Jan-2010,7.40,7.50,7.60,7.15,7.25,7.30,7.30,57306,4.18,-,29790,51.98
ASHIMASYN,EQ,18-Jan-2010,7.30,7.50,7.50,7.00,7.25,7.15,7.23,30512,2.20,-,21984,72.05
ASHIMASYN,EQ,19-Jan-2010,7.15,5.75,7.15,5.75,6.90,6.85,6.91,30040,2.08,-,22582,75.17
ASHIMASYN,EQ,20-Jan-2010,6.85,7.05,7.05,6.60,6.70,6.70,6.73,33523,2.26,-,21564,64.33
ASHIMASYN,EQ,21-Jan-2010,6.70,6.70,7.00,6.30,6.30,6.35,6.54,51657,3.38,-,29283,56.69
ASHIMASYN,BE,22-Jan-2010,6.35,6.40,6.50,6.05,6.50,6.50,6.33,171035,10.83,-,-,-
ASHIMASYN,BE,25-Jan-2010,6.50,6.20,6.60,6.20,6.40,6.40,6.37,3687,0.23,-,-,-
ASHIMASYN,BE,27-Jan-2010,6.40,6.20,6.20,6.10,6.10,6.10,6.13,3476,0.21,-,-,-
ASHIMASYN,BE,28-Jan-2010,6.10,6.10,6.10,5.80,5.80,5.80,5.84,21076,1.23,-,-,-
ASHIMASYN,BE,29-Jan-2010,5.80,5.55,5.90,5.55,5.90,5.90,5.63,24279,1.37,-,-,-
ASHIMASYN,BE,01-Feb-2010,5.90,5.80,6.20,5.60,6.15,6.15,5.88,8540,0.50,-,-,-
ASHIMASYN,BE,02-Feb-2010,6.15,6.45,6.45,5.85,6.25,6.25,6.10,4056,0.25,-,-,-
ASHIMASYN,BE,03-Feb-2010,6.25,6.25,6.25,5.95,6.05,6.05,6.01,10708,0.64,-,-,-
ASHIMASYN,BE,04-Feb-2010,6.05,5.75,5.90,5.75,5.75,5.75,5.76,3860,0.22,-,-,-
ASHIMASYN,BE,05-Feb-2010,5.75,5.70,5.80,5.50,5.50,5.50,5.59,5090,0.28,-,-,-
ASHIMASYN,BE,06-Feb-2010,5.50,5.25,5.60,5.25,5.25,5.25,5.44,4701,0.26,-,-,-
ASHIMASYN,BE,08-Feb-2010,5.25,5.30,5.55,5.20,5.30,5.30,5.32,10911,0.58,-,-,-
ASHIMASYN,BE,09-Feb-2010,5.30,5.30,5.60,5.15,5.20,5.20,5.36,6950,0.37,-,-,-
ASHIMASYN,BE,10-Feb-2010,5.20,5.10,5.50,5.10,5.25,5.25,5.30,6971,0.37,-,-,-
ASHIMASYN,BE,11-Feb-2010,5.25,5.50,5.55,5.25,5.45,5.45,5.38,10039,0.54,-,-,-
ASHIMASYN,BE,15-Feb-2010,5.45,5.50,5.50,5.35,5.50,5.50,5.46,7425,0.41,-,-,-
ASHIMASYN,BE,16-Feb-2010,5.50,5.40,5.80,5.30,5.80,5.70,5.66,10523,0.60,-,-,-
ASHIMASYN,BE,17-Feb-2010,5.70,5.80,6.00,5.80,5.90,5.85,5.94,8576,0.51,-,-,-
ASHIMASYN,BE,18-Feb-2010,5.85,5.70,6.05,5.60,5.60,5.60,5.81,4563,0.27,-,-,-
ASHIMASYN,EQ,19-Feb-2010,5.60,5.90,5.90,5.35,5.35,5.35,5.42,5579,0.30,-,3364,60.30
ASHIMASYN,EQ,22-Feb-2010,5.35,5.60,5.60,5.35,5.35,5.35,5.41,6775,0.37,-,4675,69.00
ASHIMASYN,EQ,23-Feb-2010,5.35,5.15,5.25,5.10,5.10,5.10,5.12,9722,0.50,-,8721,89.70
ASHIMASYN,EQ,24-Feb-2010,5.10,4.95,5.00,4.85,4.85,4.85,4.95,12226,0.61,-,11388,93.15
ASHIMASYN,EQ,25-Feb-2010,4.85,5.00,5.10,4.80,5.00,5.00,4.96,16099,0.80,-,9202,57.16
ASHIMASYN,EQ,26-Feb-2010,5.00,4.75,5.20,4.75,4.85,4.85,4.94,11965,0.59,-,11065,92.48
ASHIMASYN,EQ,02-Mar-2010,4.85,5.10,5.10,5.10,5.10,5.10,5.10,7724,0.39,-,7124,92.23
ASHIMASYN,EQ,03-Mar-2010,5.10,5.35,5.35,5.00,5.10,5.15,5.18,4237,0.22,-,4149,97.92
ASHIMASYN,EQ,04-Mar-2010,5.15,5.00,5.35,5.00,5.35,5.35,5.23,6653,0.35,-,5801,87.19
ASHIMASYN,EQ,05-Mar-2010,5.35,5.35,5.55,5.25,5.25,5.50,5.42,7727,0.42,-,6355,82.24
ASHIMASYN,EQ,08-Mar-2010,5.50,5.70,5.70,5.20,5.40,5.30,5.31,24144,1.28,-,20784,86.08
ASHIMASYN,EQ,09-Mar-2010,5.30,5.35,5.35,4.95,4.95,4.95,5.05,19731,1.00,-,17731,89.86
ASHIMASYN,EQ,10-Mar-2010,4.95,5.25,5.25,4.95,4.95,4.95,5.05,7905,0.40,-,4595,58.13
ASHIMASYN,EQ,11-Mar-2010,4.95,5.20,5.20,4.90,5.05,5.00,5.03,5716,0.29,-,4108,71.87
ASHIMASYN,EQ,12-Mar-2010,5.00,5.00,5.15,4.90,4.90,4.90,4.98,3565,0.18,-,3382,94.87
ASHIMASYN,EQ,15-Mar-2010,4.90,4.85,4.95,4.60,4.60,4.70,4.79,14650,0.70,-,12200,83.28
ASHIMASYN,EQ,16-Mar-2010,4.70,4.75,4.80,4.55,4.65,4.65,4.68,13557,0.63,-,7539,55.61
ASHIMASYN,EQ,17-Mar-2010,4.65,4.80,4.90,4.50,4.60,4.60,4.68,21121,0.99,-,14922,70.65
ASHIMASYN,EQ,18-Mar-2010,4.60,4.50,5.10,4.50,5.10,5.10,5.01,26066,1.31,-,22634,86.83
ASHIMASYN,EQ,19-Mar-2010,5.10,5.50,5.65,5.15,5.30,5.30,5.48,56726,3.11,-,27926,49.23
ASHIMASYN,EQ,22-Mar-2010,5.30,5.30,5.65,5.00,5.35,5.35,5.38,10723,0.58,-,8513,79.39
ASHIMASYN,EQ,23-Mar-2010,5.35,5.45,5.55,5.15,5.15,5.20,5.32,14226,0.76,-,9731,68.40
ASHIMASYN,EQ,25-Mar-2010,5.20,5.05,5.25,4.90,5.15,5.15,5.06,3627,0.18,-,2716,74.88
ASHIMASYN,EQ,26-Mar-2010,5.15,5.10,5.10,4.90,4.90,4.95,4.98,13556,0.68,-,9178,67.70
ASHIMASYN,EQ,29-Mar-2010,4.95,5.00,5.30,4.80,4.80,4.85,4.98,5909,0.29,-,4084,69.11
ASHIMASYN,EQ,30-Mar-2010,4.85,4.75,5.10,4.75,4.90,4.90,4.95,5950,0.29,-,3450,57.98
ASHIMASYN,EQ,31-Mar-2010,4.90,4.90,5.05,4.80,4.90,4.90,4.90,16260,0.80,-,12570,77.31
ASHIMASYN,EQ,01-Apr-2010,4.90,5.00,5.40,4.90,5.25,5.20,5.08,8851,0.45,-,8278,93.53
ASHIMASYN,EQ,05-Apr-2010,5.20,5.05,5.65,5.05,5.35,5.45,5.34,19183,1.02,-,14180,73.92
ASHIMASYN,EQ,06-Apr-2010,5.45,5.30,5.60,5.25,5.60,5.35,5.42,7754,0.42,-,6109,78.79
ASHIMASYN,EQ,07-Apr-2010,5.35,5.20,5.70,5.20,5.35,5.40,5.44,15474,0.84,-,11871,76.72
ASHIMASYN,EQ,08-Apr-2010,5.40,5.60,5.60,5.10,5.35,5.35,5.34,9740,0.52,-,6760,69.40
ASHIMASYN,EQ,09-Apr-2010,5.35,5.25,5.50,5.25,5.45,5.45,5.40,12194,0.66,-,8605,70.57
ASHIMASYN,EQ,12-Apr-2010,5.45,5.30,5.60,5.30,5.40,5.45,5.44,14987,0.82,-,8700,58.05
ASHIMASYN,EQ,13-Apr-2010,5.45,5.50,5.50,5.30,5.30,5.30,5.36,10639,0.57,-,9738,91.53
ASHIMASYN,EQ,15-Apr-2010,5.30,5.30,5.40,5.10,5.20,5.25,5.29,3795,0.20,-,2184,57.55
ASHIMASYN,EQ,16-Apr-2010,5.25,5.10,5.45,5.10,5.45,5.45,5.30,7272,0.39,-,6872,94.50
ASHIMASYN,EQ,19-Apr-2010,5.45,5.00,5.25,5.00,5.20,5.15,5.10,9262,0.47,-,5909,63.80
ASHIMASYN,EQ,20-Apr-2010,5.15,5.30,5.70,5.30,5.70,5.70,5.67,35997,2.04,-,29928,83.14
ASHIMASYN,EQ,21-Apr-2010,5.70,5.70,6.30,5.45,6.00,5.90,6.06,59889,3.63,-,30409,50.78
ASHIMASYN,EQ,22-Apr-2010,5.90,6.10,6.40,5.70,6.00,6.05,6.23,53791,3.35,-,23052,42.85
ASHIMASYN,EQ,23-Apr-2010,6.05,5.90,6.20,5.70,5.80,5.80,6.00,15295,0.92,-,14619,95.58
ASHIMASYN,EQ,26-Apr-2010,5.80,5.60,5.80,5.60,5.80,5.80,5.80,1550,0.09,-,1508,97.29
ASHIMASYN,EQ,27-Apr-2010,5.80,5.45,5.85,5.40,5.75,5.70,5.62,25631,1.44,-,17100,66.72
ASHIMASYN,EQ,28-Apr-2010,5.70,5.20,6.05,5.20,5.55,5.50,5.60,9715,0.54,-,5500,56.61
ASHIMASYN,EQ,29-Apr-2010,5.50,6.05,6.05,5.70,6.00,5.95,5.89,36226,2.14,-,14207,39.22
ASHIMASYN,EQ,30-Apr-2010,5.95,6.50,6.50,5.80,5.80,5.85,6.08,17895,1.09,-,13366,74.69
ASHIMASYN,EQ,03-May-2010,5.85,5.85,5.95,5.60,5.80,5.80,5.78,14649,0.85,-,8645,59.01
ASHIMASYN,EQ,04-May-2010,5.80,6.00,6.35,5.55,5.55,5.55,5.77,13590,0.78,-,7599,55.92
ASHIMASYN,EQ,05-May-2010,5.55,5.10,5.55,5.10,5.50,5.45,5.35,8961,0.48,-,4431,49.45
ASHIMASYN,EQ,06-May-2010,5.45,5.20,5.65,5.20,5.55,5.55,5.36,7610,0.41,-,6357,83.53
ASHIMASYN,EQ,07-May-2010,5.55,5.50,5.50,5.10,5.40,5.25,5.22,14799,0.77,-,11093,74.96
ASHIMASYN,EQ,10-May-2010,5.25,5.30,5.35,5.10,5.20,5.20,5.25,11054,0.58,-,7625,68.98
ASHIMASYN,EQ,11-May-2010,5.20,5.15,5.25,5.10,5.25,5.20,5.16,1093,0.06,-,870,79.60
ASHIMASYN,EQ,12-May-2010,5.20,4.70,5.30,4.70,5.10,5.10,5.16,6723,0.35,-,5376,79.96
ASHIMASYN,EQ,13-May-2010,5.10,5.20,5.50,5.10,5.10,5.15,5.21,9655,0.50,-,4250,44.02
ASHIMASYN,EQ,14-May-2010,5.15,5.50,5.50,5.10,5.10,5.10,5.14,3742,0.19,-,2590,69.21
ASHIMASYN,EQ,17-May-2010,5.10,4.85,5.30,4.85,5.30,5.25,5.10,4089,0.21,-,3116,76.20
ASHIMASYN,EQ,18-May-2010,5.25,5.10,5.35,5.10,5.10,5.10,5.16,1886,0.10,-,1401,74.28
ASHIMASYN,EQ,19-May-2010,5.10,5.00,5.35,5.00,5.10,5.00,5.01,14981,0.75,-,9911,66.16
ASHIMASYN,EQ,20-May-2010,5.00,5.60,5.60,4.95,5.10,5.10,5.30,7721,0.41,-,1712,22.17
ASHIMASYN,EQ,21-May-2010,5.10,4.95,5.05,4.55,4.65,4.75,4.87,9658,0.47,-,6823,70.65
ASHIMASYN,EQ,24-May-2010,4.75,4.80,4.95,4.65,4.80,4.80,4.84,9953,0.48,-,7099,71.33
ASHIMASYN,EQ,25-May-2010,4.80,4.40,4.80,4.40,4.45,4.45,4.57,16338,0.75,-,14537,88.98
ASHIMASYN,EQ,26-May-2010,4.45,4.00,4.85,4.00,4.50,4.60,4.50,5263,0.24,-,3170,60.23
ASHIMASYN,EQ,27-May-2010,4.60,4.70,4.90,4.55,4.90,4.85,4.76,10515,0.50,-,8114,77.17
ASHIMASYN,EQ,28-May-2010,4.85,4.50,5.40,4.50,5.10,5.05,5.03,7902,0.40,-,5500,69.60
ASHIMASYN,EQ,31-May-2010,5.05,5.00,5.35,4.90,5.35,5.25,5.20,3837,0.20,-,3837,100.00
ASHIMASYN,EQ,01-Jun-2010,5.25,4.85,5.40,4.85,5.25,5.00,5.21,5792,0.30,-,4625,79.85
ASHIMASYN,EQ,02-Jun-2010,5.00,5.00,5.20,5.00,5.00,5.00,5.03,2419,0.12,-,1107,45.76
ASHIMASYN,EQ,03-Jun-2010,5.00,5.00,5.25,4.95,4.95,4.95,5.14,1552,0.08,-,1249,80.48
ASHIMASYN,EQ,04-Jun-2010,4.95,4.95,5.25,4.80,5.15,5.15,5.15,5636,0.29,-,4936,87.58
ASHIMASYN,EQ,07-Jun-2010,5.15,4.75,5.20,4.75,5.20,5.05,4.97,1400,0.07,-,889,63.50
ASHIMASYN,EQ,08-Jun-2010,5.05,5.20,5.30,5.15,5.15,5.15,5.18,5561,0.29,-,5310,95.49
ASHIMASYN,EQ,09-Jun-2010,5.15,5.00,5.20,4.95,5.00,5.00,5.00,43,0.00,-,39,90.70
ASHIMASYN,EQ,10-Jun-2010,5.00,5.00,5.20,5.00,5.10,5.10,5.05,2387,0.12,-,1385,58.02
ASHIMASYN,EQ,11-Jun-2010,5.10,5.05,5.40,4.95,5.10,5.05,5.14,4903,0.25,-,2801,57.13
ASHIMASYN,EQ,14-Jun-2010,5.05,5.05,5.20,5.05,5.10,5.10,5.10,3397,0.17,-,2576,75.83
ASHIMASYN,EQ,15-Jun-2010,5.10,5.20,5.20,4.95,4.95,5.20,5.19,3695,0.19,-,2600,70.37
ASHIMASYN,EQ,16-Jun-2010,5.20,5.20,5.20,5.00,5.00,5.00,5.07,7564,0.38,-,6853,90.60
ASHIMASYN,EQ,17-Jun-2010,5.00,5.20,5.20,5.00,5.00,5.00,5.00,1125,0.06,-,1125,100.00
ASHIMASYN,EQ,18-Jun-2010,5.00,5.05,5.20,5.00,5.00,5.00,5.08,14600,0.74,-,9273,63.51
ASHIMASYN,EQ,21-Jun-2010,5.00,5.20,5.25,4.90,4.90,4.95,5.02,10913,0.55,-,8796,80.60
ASHIMASYN,EQ,22-Jun-2010,4.95,4.80,5.70,4.80,5.30,5.15,5.14,18042,0.93,-,12161,67.40
ASHIMASYN,EQ,23-Jun-2010,5.15,5.25,5.50,5.10,5.35,5.30,5.28,38094,2.01,-,23795,62.46
ASHIMASYN,EQ,24-Jun-2010,5.30,5.45,6.35,5.15,5.95,6.00,6.06,164643,9.97,-,94578,57.44
ASHIMASYN,EQ,25-Jun-2010,6.00,6.00,6.10,5.70,5.80,5.80,5.86,31872,1.87,-,26797,84.08
ASHIMASYN,EQ,28-Jun-2010,5.80,5.60,5.70,5.50,5.70,5.70,5.64,12854,0.72,-,10385,80.79
ASHIMASYN,EQ,29-Jun-2010,5.70,5.50,5.80,5.50,5.75,5.70,5.63,13250,0.75,-,8816,66.54
ASHIMASYN,EQ,30-Jun-2010,5.70,5.50,6.65,5.50,5.90,5.90,5.72,11055,0.63,-,9446,85.45
ASHIMASYN,EQ,01-Jul-2010,5.90,5.85,5.85,5.50,5.60,5.50,5.56,39885,2.22,-,31384,78.69
ASHIMASYN,EQ,02-Jul-2010,5.50,5.50,5.75,5.50,5.65,5.60,5.56,10532,0.59,-,6960,66.08
ASHIMASYN,EQ,05-Jul-2010,5.60,5.60,5.70,5.45,5.60,5.65,5.63,2583,0.15,-,2580,99.88
ASHIMASYN,EQ,06-Jul-2010,5.65,5.40,5.75,5.40,5.65,5.65,5.60,1760,0.10,-,1350,76.70
ASHIMASYN,EQ,07-Jul-2010,5.65,5.20,5.65,5.20,5.60,5.60,5.52,3938,0.22,-,3198,81.21
ASHIMASYN,EQ,08-Jul-2010,5.60,5.65,5.65,5.45,5.50,5.50,5.50,2961,0.16,-,1945,65.69
ASHIMASYN,EQ,09-Jul-2010,5.50,5.45,5.65,5.45,5.50,5.50,5.56,3892,0.22,-,2692,69.17
ASHIMASYN,EQ,12-Jul-2010,5.50,5.40,5.90,5.40,5.60,5.60,5.66,14995,0.85,-,11403,76.05
ASHIMASYN,EQ,13-Jul-2010,5.60,5.45,5.65,5.45,5.65,5.65,5.61,6572,0.37,-,5533,84.19
ASHIMASYN,EQ,14-Jul-2010,5.65,5.50,6.00,5.50,5.55,5.60,5.74,21529,1.24,-,15174,70.48
ASHIMASYN,EQ,15-Jul-2010,5.60,5.45,5.70,5.35,5.40,5.55,5.55,6058,0.34,-,4239,69.97
ASHIMASYN,EQ,16-Jul-2010,5.55,5.65,6.10,5.55,5.85,5.85,5.85,19584,1.15,-,16364,83.56
ASHIMASYN,EQ,19-Jul-2010,5.85,6.10,6.10,5.55,5.85,5.75,5.77,8871,0.51,-,5971,67.31
ASHIMASYN,EQ,20-Jul-2010,5.75,5.85,5.85,5.65,5.75,5.65,5.67,3326,0.19,-,2941,88.42
ASHIMASYN,EQ,21-Jul-2010,5.65,5.75,5.90,5.65,5.75,5.75,5.77,8136,0.47,-,5136,63.13
ASHIMASYN,EQ,22-Jul-2010,5.75,5.90,5.90,5.50,5.55,5.60,5.61,15743,0.88,-,11243,71.42
ASHIMASYN,EQ,23-Jul-2010,5.60,5.65,5.85,5.60,5.60,5.60,5.66,4881,0.28,-,2420,49.58
ASHIMASYN,EQ,26-Jul-2010,5.60,5.70,5.70,5.45,5.45,5.45,5.54,10658,0.59,-,9124,85.61
ASHIMASYN,EQ,27-Jul-2010,5.45,5.30,5.70,5.30,5.55,5.65,5.62,3935,0.22,-,2435,61.88
ASHIMASYN,EQ,28-Jul-2010,5.65,5.60,5.60,5.45,5.60,5.50,5.52,5648,0.31,-,5100,90.30
ASHIMASYN,EQ,29-Jul-2010,5.50,5.10,5.80,5.10,5.40,5.45,5.46,6581,0.36,-,4763,72.38
ASHIMASYN,EQ,30-Jul-2010,5.45,5.45,5.70,5.35,5.35,5.40,5.44,7878,0.43,-,7041,89.38
ASHIMASYN,EQ,02-Aug-2010,5.40,5.00,5.50,5.00,5.30,5.35,5.31,3656,0.19,-,2820,77.13
ASHIMASYN,EQ,03-Aug-2010,5.35,5.70,5.70,5.25,5.35,5.35,5.33,5255,0.28,-,3000,57.09
ASHIMASYN,EQ,04-Aug-2010,5.35,5.20,5.65,5.15,5.35,5.35,5.45,6748,0.37,-,3693,54.73
ASHIMASYN,EQ,05-Aug-2010,5.35,5.40,5.90,5.30,5.80,5.65,5.66,45641,2.58,-,25248,55.32
ASHIMASYN,EQ,06-Aug-2010,5.65,5.80,6.00,5.45,5.45,5.45,5.68,19013,1.08,-,14054,73.92
ASHIMASYN,EQ,09-Aug-2010,5.45,5.45,5.75,5.45,5.65,5.70,5.63,25099,1.41,-,14020,55.86
ASHIMASYN,EQ,10-Aug-2010,5.70,5.65,6.35,5.65,6.05,6.10,6.04,176945,10.69,-,56580,31.98
ASHIMASYN,EQ,11-Aug-2010,6.10,6.00,7.35,5.95,7.35,7.35,7.16,464286,33.24,-,186644,40.20
ASHIMASYN,EQ,12-Aug-2010,7.35,7.40,8.10,7.15,7.35,7.40,7.62,344087,26.21,-,117086,34.03
ASHIMASYN,EQ,13-Aug-2010,7.40,7.35,7.70,6.80,7.30,7.25,7.30,121650,8.88,-,66572,54.72
ASHIMASYN,EQ,16-Aug-2010,7.25,7.25,7.25,6.60,6.65,6.70,6.85,38624,2.65,-,23958,62.03
ASHIMASYN,EQ,17-Aug-2010,6.70,7.25,7.25,6.20,6.55,6.60,6.55,51497,3.37,-,29014,56.34
ASHIMASYN,EQ,18-Aug-2010,6.60,7.10,7.10,6.30,6.40,6.45,6.55,46361,3.04,-,29683,64.03
ASHIMASYN,EQ,19-Aug-2010,6.45,6.45,6.75,5.75,5.95,6.00,6.09,94163,5.73,-,54894,58.30
ASHIMASYN,BE,20-Aug-2010,6.00,6.00,6.15,5.80,5.80,5.85,5.89,9299,0.55,-,-,-
ASHIMASYN,BE,23-Aug-2010,5.85,5.80,6.10,5.70,6.00,6.05,5.98,8790,0.53,-,-,-
ASHIMASYN,BE,24-Aug-2010,6.05,6.20,6.35,6.00,6.35,6.35,6.26,15972,1.00,-,-,-
ASHIMASYN,BE,25-Aug-2010,6.35,6.50,6.70,6.25,6.70,6.70,6.66,35902,2.39,-,-,-
ASHIMASYN,BE,26-Aug-2010,6.70,6.95,7.05,6.60,7.05,7.05,7.02,44831,3.15,-,-,-
ASHIMASYN,BE,27-Aug-2010,7.05,7.05,7.40,7.05,7.40,7.40,7.37,86069,6.34,-,-,-
ASHIMASYN,BE,30-Aug-2010,7.40,7.45,7.80,7.05,7.20,7.20,7.29,24749,1.80,-,-,-
ASHIMASYN,BE,31-Aug-2010,7.20,7.00,7.25,6.90,7.05,6.95,7.01,23920,1.68,-,-,-
ASHIMASYN,BE,01-Sep-2010,6.95,7.25,7.30,7.00,7.10,7.10,7.10,15640,1.11,-,-,-
ASHIMASYN,BE,02-Sep-2010,7.10,7.40,7.45,6.80,7.10,7.10,7.15,12000,0.86,-,-,-
ASHIMASYN,BE,03-Sep-2010,7.10,7.30,7.45,7.00,7.00,7.00,7.17,6028,0.43,-,-,-
ASHIMASYN,BE,06-Sep-2010,7.00,7.15,7.15,6.90,6.90,6.90,7.07,4903,0.35,-,-,-
ASHIMASYN,BE,07-Sep-2010,6.90,7.10,7.25,6.95,6.95,6.95,7.18,6500,0.47,-,-,-
ASHIMASYN,BE,08-Sep-2010,6.95,6.65,7.30,6.65,7.10,7.15,7.17,6217,0.45,-,-,-
ASHIMASYN,BE,09-Sep-2010,7.15,7.00,7.50,7.00,7.50,7.50,7.49,22873,1.71,-,-,-
ASHIMASYN,BE,13-Sep-2010,7.50,7.35,7.70,7.15,7.20,7.20,7.41,27591,2.05,-,-,-
ASHIMASYN,BE,14-Sep-2010,7.20,7.55,7.60,7.05,7.25,7.25,7.39,19254,1.42,-,-,-
ASHIMASYN,BE,15-Sep-2010,7.25,7.50,7.65,7.05,7.15,7.15,7.39,19094,1.41,-,-,-
ASHIMASYN,BE,16-Sep-2010,7.15,7.00,7.55,7.00,7.55,7.40,7.50,23911,1.79,-,-,-
ASHIMASYN,BE,17-Sep-2010,7.40,7.40,7.70,7.25,7.50,7.50,7.48,17216,1.29,-,-,-
ASHIMASYN,BE,20-Sep-2010,7.50,7.50,7.90,7.50,7.90,7.90,7.84,29773,2.33,-,-,-
ASHIMASYN,BE,21-Sep-2010,7.90,8.00,8.30,7.70,7.85,7.85,8.13,39523,3.21,-,-,-
ASHIMASYN,BE,22-Sep-2010,7.85,7.50,8.25,7.50,7.80,7.85,8.09,30590,2.47,-,-,-
ASHIMASYN,BE,23-Sep-2010,7.85,8.00,8.25,7.80,8.00,8.05,8.13,25990,2.11,-,-,-
ASHIMASYN,BE,24-Sep-2010,8.05,8.40,8.45,8.00,8.45,8.45,8.41,21976,1.85,-,-,-
ASHIMASYN,BE,27-Sep-2010,8.45,8.90,8.90,8.10,8.60,8.55,8.54,29453,2.52,-,-,-
ASHIMASYN,BE,28-Sep-2010,8.55,8.40,8.90,8.20,8.50,8.45,8.56,32172,2.75,-,-,-
ASHIMASYN,BE,29-Sep-2010,8.45,8.30,8.80,8.15,8.75,8.60,8.57,25875,2.22,-,-,-
ASHIMASYN,BE,30-Sep-2010,8.60,8.30,8.75,8.20,8.75,8.75,8.45,9902,0.84,-,-,-
ASHIMASYN,BE,01-Oct-2010,8.75,8.50,8.55,8.35,8.35,8.35,8.44,10114,0.85,-,-,-
ASHIMASYN,BE,04-Oct-2010,8.35,8.00,8.50,7.95,7.95,7.95,8.06,22436,1.81,-,-,-
ASHIMASYN,BE,05-Oct-2010,7.95,8.15,8.15,7.55,7.55,7.55,7.64,7475,0.57,-,-,-
ASHIMASYN,BE,06-Oct-2010,7.55,7.80,7.95,7.55,7.70,7.70,7.79,8788,0.68,-,-,-
ASHIMASYN,BE,07-Oct-2010,7.70,7.35,8.10,7.35,7.95,7.95,7.87,15531,1.22,-,-,-
ASHIMASYN,BE,08-Oct-2010,7.95,7.55,8.25,7.55,7.70,7.75,8.03,14660,1.18,-,-,-
ASHIMASYN,BE,11-Oct-2010,7.75,7.60,8.15,7.60,7.70,7.75,7.97,7590,0.60,-,-,-
ASHIMASYN,BE,12-Oct-2010,7.75,8.15,8.15,7.50,7.90,7.65,7.83,7218,0.57,-,-,-
ASHIMASYN,BE,13-Oct-2010,7.65,7.55,8.05,7.55,8.05,8.05,8.02,12040,0.97,-,-,-
ASHIMASYN,BE,14-Oct-2010,8.05,8.00,8.25,7.85,8.10,8.20,8.08,19537,1.58,-,-,-
ASHIMASYN,BE,15-Oct-2010,8.20,8.00,8.50,7.80,8.40,8.40,8.15,11310,0.92,-,-,-
ASHIMASYN,BE,18-Oct-2010,8.40,8.15,8.45,8.05,8.40,8.40,8.42,11675,0.98,-,-,-
ASHIMASYN,BE,19-Oct-2010,8.40,8.60,8.70,8.15,8.65,8.65,8.55,31401,2.68,-,-,-
ASHIMASYN,BE,20-Oct-2010,8.65,8.65,9.05,8.50,8.80,8.80,8.82,33517,2.96,-,-,-
ASHIMASYN,BE,21-Oct-2010,8.80,8.70,9.20,8.70,8.95,8.95,8.92,23246,2.07,-,-,-
ASHIMASYN,BE,22-Oct-2010,8.95,8.70,9.40,8.50,8.95,8.95,9.11,25051,2.28,-,-,-
ASHIMASYN,BE,25-Oct-2010,8.95,9.35,9.40,9.05,9.10,9.10,9.32,26344,2.46,-,-,-
ASHIMASYN,BE,26-Oct-2010,9.10,9.30,9.30,8.65,8.95,8.70,8.96,16128,1.44,-,-,-
ASHIMASYN,BE,27-Oct-2010,8.70,8.75,9.00,8.60,8.65,8.65,8.78,19188,1.69,-,-,-
ASHIMASYN,BE,28-Oct-2010,8.65,9.10,9.10,8.70,9.10,9.10,9.08,3958,0.36,-,-,-
ASHIMASYN,BE,29-Oct-2010,9.10,9.40,9.45,8.80,8.80,8.80,9.11,11247,1.02,-,-,-
ASHIMASYN,BE,01-Nov-2010,8.80,9.20,9.20,8.50,8.50,8.80,8.84,9985,0.88,-,-,-
ASHIMASYN,BE,02-Nov-2010,8.80,8.50,8.65,8.45,8.55,8.55,8.51,7148,0.61,-,-,-
ASHIMASYN,BE,03-Nov-2010,8.55,8.70,8.70,8.15,8.50,8.50,8.23,11603,0.96,-,-,-
ASHIMASYN,BE,04-Nov-2010,8.50,8.35,8.40,8.10,8.10,8.10,8.15,15154,1.24,-,-,-
ASHIMASYN,BE,05-Nov-2010,8.10,8.20,8.35,7.70,8.35,7.95,7.91,1783,0.14,-,-,-
ASHIMASYN,BE,08-Nov-2010,7.95,8.00,8.25,7.75,8.00,8.00,8.07,4526,0.37,-,-,-
ASHIMASYN,BE,09-Nov-2010,8.00,8.15,8.15,7.90,8.00,8.00,7.98,2076,0.17,-,-,-
ASHIMASYN,BE,10-Nov-2010,8.00,8.00,8.40,7.90,8.30,8.35,8.19,14165,1.16,-,-,-
ASHIMASYN,BE,11-Nov-2010,8.35,8.50,8.75,8.45,8.75,8.75,8.69,6430,0.56,-,-,-
ASHIMASYN,BE,12-Nov-2010,8.75,8.40,8.50,8.35,8.35,8.35,8.43,24126,2.03,-,-,-
ASHIMASYN,BE,15-Nov-2010,8.35,8.35,8.50,7.95,7.95,7.95,8.13,9094,0.74,-,-,-
ASHIMASYN,BE,16-Nov-2010,7.95,8.10,8.10,7.60,7.60,7.60,7.65,13556,1.04,-,-,-
ASHIMASYN,BE,18-Nov-2010,7.60,7.50,7.75,7.25,7.75,7.75,7.33,5451,0.40,-,-,-
ASHIMASYN,BE,19-Nov-2010,7.75,7.70,7.70,7.40,7.70,7.70,7.44,1262,0.09,-,-,-
ASHIMASYN,BE,22-Nov-2010,7.70,7.60,7.60,7.35,7.60,7.35,7.37,6581,0.48,-,-,-
ASHIMASYN,BE,23-Nov-2010,7.35,7.00,7.40,7.00,7.00,7.00,7.03,3250,0.23,-,-,-
ASHIMASYN,BE,24-Nov-2010,7.00,6.65,7.15,6.65,6.65,6.75,6.77,5700,0.39,-,-,-
ASHIMASYN,BE,25-Nov-2010,6.75,6.60,7.10,6.45,6.45,6.45,6.55,14958,0.98,-,-,-
ASHIMASYN,BE,26-Nov-2010,6.45,6.15,6.45,6.15,6.20,6.15,6.17,12378,0.76,-,-,-
ASHIMASYN,BE,29-Nov-2010,6.15,6.00,6.30,5.85,6.15,6.15,6.12,4719,0.29,-,-,-
ASHIMASYN,BE,30-Nov-2010,6.15,6.15,6.50,6.00,6.50,6.45,6.32,4602,0.29,-,-,-
ASHIMASYN,BE,01-Dec-2010,6.45,6.60,6.80,6.45,6.80,6.80,6.56,2731,0.18,-,-,-
ASHIMASYN,BE,02-Dec-2010,6.80,6.80,6.85,6.55,6.85,6.65,6.66,8135,0.54,-,-,-
ASHIMASYN,EQ,03-Dec-2010,6.65,6.70,6.80,6.35,6.35,6.35,6.40,12066,0.77,-,10329,85.60
ASHIMASYN,EQ,06-Dec-2010,6.35,6.25,6.70,6.20,6.70,6.70,6.47,4770,0.31,-,2300,48.22
ASHIMASYN,EQ,07-Dec-2010,6.70,6.85,6.85,6.40,6.45,6.40,6.49,6239,0.40,-,3146,50.42
ASHIMASYN,EQ,08-Dec-2010,6.40,6.70,6.70,6.30,6.30,6.30,6.30,301,0.02,-,300,99.67
ASHIMASYN,EQ,09-Dec-2010,6.30,6.00,6.45,6.00,6.00,6.00,6.11,2010,0.12,-,1005,50.00
ASHIMASYN,EQ,10-Dec-2010,6.00,5.85,6.15,5.85,5.95,5.95,6.00,2952,0.18,-,2002,67.82
ASHIMASYN,EQ,13-Dec-2010,5.95,6.00,6.25,6.00,6.25,6.15,6.20,12490,0.77,-,10398,83.25
ASHIMASYN,EQ,14-Dec-2010,6.15,6.45,6.45,6.45,6.45,6.45,6.45,101,0.01,-,100,99.01
ASHIMASYN,EQ,15-Dec-2010,6.45,6.25,6.30,6.15,6.30,6.30,6.29,355,0.02,-,352,99.15
ASHIMASYN,EQ,16-Dec-2010,6.30,6.00,6.40,6.00,6.40,6.20,6.16,7083,0.44,-,6082,85.87
ASHIMASYN,EQ,20-Dec-2010,6.20,6.05,6.25,6.05,6.05,6.05,6.12,4700,0.29,-,2614,55.62
ASHIMASYN,EQ,21-Dec-2010,6.05,6.00,6.25,5.85,5.85,5.85,5.99,4547,0.27,-,4544,99.93
ASHIMASYN,EQ,22-Dec-2010,5.85,5.80,6.00,5.80,6.00,5.90,5.81,1884,0.11,-,1840,97.66
ASHIMASYN,EQ,23-Dec-2010,5.90,5.60,6.20,5.60,6.05,6.05,5.91,5425,0.32,-,3523,64.94
ASHIMASYN,EQ,24-Dec-2010,6.05,5.95,6.35,5.75,6.35,6.35,6.13,25006,1.53,-,10666,42.65
ASHIMASYN,EQ,27-Dec-2010,6.35,6.60,6.70,6.55,6.70,6.70,6.70,32171,2.15,-,30932,96.15
ASHIMASYN,EQ,28-Dec-2010,6.70,6.70,7.05,6.65,7.05,7.05,7.02,31763,2.23,-,28459,89.60
ASHIMASYN,EQ,29-Dec-2010,7.05,7.00,7.25,6.90,7.00,7.00,7.11,16482,1.17,-,7995,48.51
ASHIMASYN,EQ,30-Dec-2010,7.00,6.95,7.35,6.95,7.35,7.35,7.32,23793,1.74,-,23693,99.58
ASHIMASYN,EQ,31-Dec-2010,7.35,7.75,7.75,7.75,7.75,7.75,7.75,2798,0.22,-,2798,100.00
Symbol,Series,Date,Prev Close,Open Price,High Price,Low Price,Last Price,Close Price,Average Price,Total Traded Quantity,Turnover in Lacs,No. of Trades,Deliverable Qty,% Dly Qt to Traded Qty
ASHIMASYN,EQ,03-Jan-2011,7.75,7.85,8.15,7.75,8.05,8.05,8.10,33174,2.69,-,25031,75.45
ASHIMASYN,EQ,04-Jan-2011,8.05,8.00,8.10,7.85,8.00,8.00,8.00,6609,0.53,-,5902,89.30
ASHIMASYN,EQ,05-Jan-2011,8.00,7.65,8.00,7.65,7.70,7.70,7.69,2194,0.17,-,2194,100.00
ASHIMASYN,EQ,06-Jan-2011,7.70,7.55,7.75,7.40,7.40,7.45,7.54,3020,0.23,-,2500,82.78
ASHIMASYN,BE,07-Jan-2011,7.45,7.15,7.15,7.10,7.10,7.10,7.11,5219,0.37,-,-,-
ASHIMASYN,BE,10-Jan-2011,7.10,6.75,7.05,6.75,7.05,7.05,7.01,6163,0.43,-,-,-
ASHIMASYN,BE,11-Jan-2011,7.05,7.40,7.40,6.80,6.80,6.80,7.03,2085,0.15,-,-,-
ASHIMASYN,BE,12-Jan-2011,6.80,6.50,6.50,6.50,6.50,6.50,6.50,10250,0.67,-,-,-
ASHIMASYN,BE,13-Jan-2011,6.50,6.50,6.85,6.35,6.35,6.35,6.69,165,0.01,-,-,-
ASHIMASYN,BE,17-Jan-2011,6.35,6.25,6.35,6.25,6.25,6.25,6.27,4065,0.26,-,-,-
ASHIMASYN,BE,18-Jan-2011,6.25,6.25,6.25,6.20,6.20,6.20,6.24,5672,0.35,-,-,-
ASHIMASYN,BE,19-Jan-2011,6.20,6.25,6.25,6.00,6.10,6.10,6.11,1999,0.12,-,-,-
ASHIMASYN,BE,20-Jan-2011,6.10,6.00,6.35,5.95,5.95,5.95,5.99,2803,0.17,-,-,-
ASHIMASYN,BE,21-Jan-2011,5.95,5.85,6.00,5.85,6.00,6.00,5.99,22,0.00,-,-,-
ASHIMASYN,BE,24-Jan-2011,6.00,6.00,6.25,6.00,6.10,6.15,6.21,6215,0.39,-,-,-
ASHIMASYN,BE,25-Jan-2011,6.15,6.20,6.25,6.15,6.25,6.25,6.23,2726,0.17,-,-,-
ASHIMASYN,BE,27-Jan-2011,6.25,6.10,6.40,6.00,6.00,6.00,6.14,1221,0.08,-,-,-
ASHIMASYN,BE,28-Jan-2011,6.00,6.00,6.00,5.75,6.00,6.00,5.82,4610,0.27,-,-,-
ASHIMASYN,BE,31-Jan-2011,6.00,6.10,6.10,5.85,5.85,5.90,6.05,2570,0.16,-,-,-
ASHIMASYN,BE,01-Feb-2011,5.90,5.85,5.85,5.80,5.80,5.80,5.84,5467,0.32,-,-,-
ASHIMASYN,BE,02-Feb-2011,5.80,5.80,5.90,5.70,5.70,5.70,5.86,1950,0.11,-,-,-
ASHIMASYN,BE,03-Feb-2011,5.70,5.50,5.75,5.50,5.50,5.65,5.66,6586,0.37,-,-,-
ASHIMASYN,BE,04-Feb-2011,5.65,5.50,5.50,5.50,5.50,5.50,5.50,200,0.01,-,-,-
ASHIMASYN,BE,07-Feb-2011,5.50,5.25,5.75,5.25,5.55,5.55,5.64,1784,0.10,-,-,-
ASHIMASYN,BE,08-Feb-2011,5.55,5.85,5.85,5.30,5.55,5.55,5.47,325,0.02,-,-,-
ASHIMASYN,BE,09-Feb-2011,5.55,5.55,5.55,5.30,5.30,5.30,5.32,10195,0.54,-,-,-
ASHIMASYN,BE,10-Feb-2011,5.30,5.05,5.45,5.05,5.20,5.25,5.13,9753,0.50,-,-,-
ASHIMASYN,BE,11-Feb-2011,5.25,5.00,5.40,5.00,5.30,5.30,5.38,5530,0.30,-,-,-
ASHIMASYN,BE,14-Feb-2011,5.30,5.60,5.60,5.55,5.55,5.55,5.59,1461,0.08,-,-,-
ASHIMASYN,BE,15-Feb-2011,5.55,5.70,5.85,5.55,5.65,5.75,5.74,5100,0.29,-,-,-
ASHIMASYN,BE,16-Feb-2011,5.75,5.80,5.80,5.80,5.80,5.80,5.80,100,0.01,-,-,-
ASHIMASYN,BE,17-Feb-2011,5.80,5.80,5.80,5.80,5.80,5.80,5.80,430,0.02,-,-,-
ASHIMASYN,BE,18-Feb-2011,5.80,6.10,6.10,5.55,5.80,5.80,5.63,3010,0.17,-,-,-
ASHIMASYN,BE,21-Feb-2011,5.80,5.55,5.55,5.55,5.55,5.55,5.55,2,0.00,-,-,-
ASHIMASYN,BE,22-Feb-2011,5.55,5.70,5.70,5.40,5.70,5.70,5.67,875,0.05,-,-,-
ASHIMASYN,BE,23-Feb-2011,5.70,5.45,5.45,5.45,5.45,5.45,5.45,3100,0.17,-,-,-
ASHIMASYN,BE,24-Feb-2011,5.45,5.20,5.20,5.20,5.20,5.20,5.20,150,0.01,-,-,-
ASHIMASYN,BE,25-Feb-2011,5.20,5.00,5.20,5.00,5.00,5.00,5.18,1221,0.06,-,-,-
ASHIMASYN,BE,28-Feb-2011,5.00,4.85,5.25,4.85,5.25,5.25,5.18,601,0.03,-,-,-
ASHIMASYN,BE,01-Mar-2011,5.25,5.00,5.00,5.00,5.00,5.00,5.00,605,0.03,-,-,-
ASHIMASYN,BE,03-Mar-2011,5.00,4.75,4.80,4.75,4.80,4.80,4.79,5000,0.24,-,-,-
ASHIMASYN,BE,04-Mar-2011,4.80,4.70,4.80,4.60,4.60,4.60,4.64,20239,0.94,-,-,-
ASHIMASYN,EQ,07-Mar-2011,4.60,4.50,4.80,4.50,4.80,4.65,4.54,1323,0.06,-,1322,99.92
ASHIMASYN,EQ,08-Mar-2011,4.65,4.95,5.10,4.80,5.05,5.05,4.99,5294,0.26,-,5292,99.96
ASHIMASYN,EQ,09-Mar-2011,5.05,5.60,5.60,4.75,5.05,5.05,4.91,3812,0.19,-,3102,81.37
ASHIMASYN,EQ,10-Mar-2011,5.05,4.95,4.95,4.95,4.95,4.95,4.95,40,0.00,-,40,100.00
ASHIMASYN,EQ,11-Mar-2011,4.95,4.75,4.90,4.60,4.85,4.85,4.70,1016,0.05,-,510,50.20
ASHIMASYN,EQ,14-Mar-2011,4.85,5.00,5.00,4.75,5.00,5.00,4.96,121,0.01,-,121,100.00
ASHIMASYN,EQ,15-Mar-2011,5.00,4.95,5.50,4.55,5.50,5.30,5.17,13156,0.68,-,12353,93.90
ASHIMASYN,EQ,16-Mar-2011,5.30,5.80,5.80,4.85,5.25,4.85,5.15,2738,0.14,-,2175,79.44
ASHIMASYN,EQ,17-Mar-2011,4.85,5.00,5.20,5.00,5.10,5.10,5.04,2620,0.13,-,2200,83.97
ASHIMASYN,EQ,18-Mar-2011,5.10,5.00,5.30,4.85,4.85,4.85,5.05,7110,0.36,-,1460,20.53
ASHIMASYN,EQ,21-Mar-2011,4.85,4.80,4.80,4.55,4.55,4.60,4.67,7738,0.36,-,7236,93.51
ASHIMASYN,EQ,22-Mar-2011,4.60,5.00,5.00,4.50,4.80,4.50,4.61,8401,0.39,-,5950,70.82
ASHIMASYN,EQ,23-Mar-2011,4.50,4.80,4.95,4.60,4.70,4.75,4.79,4002,0.19,-,3499,87.43
ASHIMASYN,EQ,24-Mar-2011,4.75,4.65,4.85,4.60,4.85,4.70,4.66,1353,0.06,-,1101,81.37
ASHIMASYN,EQ,25-Mar-2011,4.70,5.05,5.05,4.80,4.95,4.85,4.86,1778,0.09,-,1778,100.00
ASHIMASYN,EQ,28-Mar-2011,4.85,4.70,5.00,4.65,5.00,4.90,4.89,31825,1.56,-,25689,80.72
ASHIMASYN,EQ,29-Mar-2011,4.90,5.25,5.25,4.65,4.85,4.75,4.75,7380,0.35,-,6128,83.04
ASHIMASYN,EQ,30-Mar-2011,4.75,5.00,5.00,4.60,4.90,5.00,4.81,6075,0.29,-,3729,61.38
ASHIMASYN,EQ,31-Mar-2011,5.00,5.10,5.10,4.80,4.85,4.85,4.85,1725,0.08,-,1344,77.91
ASHIMASYN,EQ,01-Apr-2011,4.85,4.80,4.90,4.80,4.90,4.90,4.90,1525,0.07,-,1475,96.72
ASHIMASYN,EQ,04-Apr-2011,4.90,5.15,5.40,5.05,5.25,5.25,5.21,8123,0.42,-,4810,59.21
ASHIMASYN,EQ,05-Apr-2011,5.25,5.40,5.80,5.25,5.80,5.80,5.59,11504,0.64,-,9501,82.59
ASHIMASYN,EQ,06-Apr-2011,5.80,6.20,6.20,5.80,6.00,6.00,5.95,21005,1.25,-,16550,78.79
ASHIMASYN,EQ,07-Apr-2011,6.00,6.00,6.00,5.80,6.00,6.00,5.94,3479,0.21,-,3253,93.50
ASHIMASYN,EQ,08-Apr-2011,6.00,5.90,6.00,5.80,5.80,5.80,5.87,1201,0.07,-,600,49.96
ASHIMASYN,EQ,11-Apr-2011,5.80,5.55,6.00,5.55,6.00,6.00,5.70,2500,0.14,-,2151,86.04
ASHIMASYN,EQ,13-Apr-2011,6.00,6.60,6.60,5.75,5.90,5.90,5.83,2002,0.12,-,1500,74.93
ASHIMASYN,EQ,15-Apr-2011,5.90,6.30,6.30,5.70,5.70,5.70,5.90,3902,0.23,-,2802,71.81
ASHIMASYN,EQ,18-Apr-2011,5.70,5.80,6.00,5.75,6.00,6.00,5.80,509,0.03,-,505,99.21
ASHIMASYN,EQ,19-Apr-2011,6.00,5.70,6.15,5.70,6.15,6.10,6.07,3613,0.22,-,2611,72.27
ASHIMASYN,EQ,20-Apr-2011,6.10,6.50,6.75,6.50,6.75,6.75,6.73,7863,0.53,-,7863,100.00
ASHIMASYN,EQ,21-Apr-2011,6.75,7.45,7.45,6.50,6.95,6.90,7.07,36627,2.59,-,11427,31.20
ASHIMASYN,EQ,25-Apr-2011,6.90,6.75,6.75,6.55,6.55,6.55,6.65,2782,0.19,-,1581,56.83
ASHIMASYN,EQ,26-Apr-2011,6.55,6.25,6.25,6.25,6.25,6.25,6.25,6458,0.40,-,6458,100.00
ASHIMASYN,EQ,27-Apr-2011,6.25,6.45,6.50,5.95,6.35,6.35,6.30,12387,0.78,-,7195,58.09
ASHIMASYN,EQ,28-Apr-2011,6.35,6.45,6.65,6.30,6.65,6.65,6.43,6305,0.41,-,4900,77.72
ASHIMASYN,EQ,29-Apr-2011,6.65,6.95,6.95,6.35,6.35,6.40,6.43,8752,0.56,-,7301,83.42
ASHIMASYN,EQ,02-May-2011,6.40,6.40,6.40,6.10,6.20,6.20,6.20,3726,0.23,-,3700,99.30
ASHIMASYN,EQ,03-May-2011,6.20,6.20,6.20,6.20,6.20,6.20,6.20,50,0.00,-,50,100.00
ASHIMASYN,EQ,04-May-2011,6.20,5.90,6.00,5.90,5.90,5.90,5.92,2726,0.16,-,2701,99.08
ASHIMASYN,EQ,05-May-2011,5.90,5.80,5.80,5.60,5.60,5.60,5.65,1450,0.08,-,1450,100.00
ASHIMASYN,EQ,06-May-2011,5.60,5.55,5.65,5.50,5.65,5.65,5.53,5600,0.31,-,4400,78.57
ASHIMASYN,EQ,06-May-2011,5.60,5.55,5.65,5.50,5.65,5.65,5.53,5600,0.31,-,4400,78.57
ASHIMASYN,EQ,09-May-2011,5.65,5.55,5.65,5.55,5.60,5.65,5.60,255,0.01,-,103,40.39
ASHIMASYN,EQ,10-May-2011,5.65,5.85,5.85,5.40,5.65,5.60,5.55,9006,0.50,-,4462,49.54
ASHIMASYN,EQ,11-May-2011,5.60,5.50,5.85,5.50,5.85,5.50,5.50,1352,0.07,-,1351,99.93
ASHIMASYN,EQ,12-May-2011,5.50,5.80,5.80,5.80,5.80,5.80,5.80,10,0.00,-,10,100.00
ASHIMASYN,EQ,13-May-2011,5.80,5.60,5.65,5.55,5.55,5.55,5.61,568,0.03,-,334,58.80
ASHIMASYN,EQ,16-May-2011,5.55,5.45,5.50,5.35,5.40,5.40,5.39,7850,0.42,-,6625,84.39
ASHIMASYN,EQ,17-May-2011,5.40,5.30,5.55,5.20,5.20,5.20,5.29,3643,0.19,-,3393,93.14
ASHIMASYN,EQ,18-May-2011,5.20,5.45,5.50,5.45,5.50,5.50,5.46,1755,0.10,-,1755,100.00
ASHIMASYN,EQ,19-May-2011,5.50,5.55,5.70,5.35,5.35,5.45,5.45,14620,0.80,-,10244,70.07
ASHIMASYN,EQ,20-May-2011,5.45,5.65,5.75,5.40,5.40,5.65,5.62,9362,0.53,-,7402,79.06
ASHIMASYN,EQ,23-May-2011,5.65,5.80,5.80,5.40,5.65,5.40,5.44,3994,0.22,-,3890,97.40
ASHIMASYN,EQ,24-May-2011,5.40,5.25,5.60,5.20,5.55,5.50,5.35,4593,0.25,-,3997,87.02
ASHIMASYN,EQ,25-May-2011,5.50,5.80,5.80,5.30,5.50,5.50,5.48,3820,0.21,-,3369,88.19
ASHIMASYN,EQ,26-May-2011,5.50,5.55,5.55,5.30,5.45,5.45,5.35,6016,0.32,-,4009,66.64
ASHIMASYN,EQ,27-May-2011,5.45,5.25,5.55,5.25,5.35,5.35,5.37,950,0.05,-,950,100.00
ASHIMASYN,EQ,30-May-2011,5.35,5.65,5.65,5.20,5.65,5.65,5.58,8777,0.49,-,7420,84.54
ASHIMASYN,EQ,31-May-2011,5.65,5.90,5.95,5.60,5.95,5.85,5.72,2786,0.16,-,2785,99.96
ASHIMASYN,EQ,01-Jun-2011,5.85,6.00,6.15,5.80,6.15,6.15,6.04,1502,0.09,9,1001,66.64
ASHIMASYN,EQ,02-Jun-2011,6.15,5.85,6.00,5.85,5.95,5.95,5.94,1400,0.08,4,750,53.57
ASHIMASYN,EQ,03-Jun-2011,5.95,6.05,6.05,5.90,5.90,5.90,5.93,366,0.02,12,365,99.73
ASHIMASYN,EQ,06-Jun-2011,5.90,6.05,6.10,6.05,6.10,6.10,6.09,4000,0.24,7,4000,100.00
ASHIMASYN,EQ,07-Jun-2011,6.10,6.35,6.35,5.90,5.90,5.90,6.13,4710,0.29,15,4601,97.69
ASHIMASYN,EQ,08-Jun-2011,5.90,6.05,6.05,5.90,5.90,5.90,5.96,2435,0.15,6,2435,100.00
ASHIMASYN,EQ,09-Jun-2011,5.90,5.75,5.75,5.60,5.75,5.70,5.72,2711,0.16,9,2606,96.13
ASHIMASYN,EQ,10-Jun-2011,5.70,5.65,5.65,5.65,5.65,5.65,5.65,694,0.04,3,694,100.00
ASHIMASYN,EQ,13-Jun-2011,5.65,5.90,5.95,5.90,5.95,5.95,5.94,8300,0.49,14,7900,95.18
ASHIMASYN,EQ,14-Jun-2011,5.95,6.25,6.25,6.25,6.25,6.25,6.25,400,0.03,3,400,100.00
ASHIMASYN,EQ,15-Jun-2011,6.25,6.60,6.60,6.60,6.60,6.60,6.60,1751,0.12,5,1751,100.00
ASHIMASYN,EQ,16-Jun-2011,6.60,6.95,6.95,6.75,6.95,6.95,6.94,16549,1.15,40,15328,92.62
ASHIMASYN,EQ,17-Jun-2011,6.95,6.95,7.25,6.75,7.05,7.00,7.03,37558,2.64,75,31751,84.54
ASHIMASYN,EQ,20-Jun-2011,7.00,7.05,7.05,6.65,6.65,6.70,6.76,8800,0.60,17,8000,90.91
ASHIMASYN,EQ,21-Jun-2011,6.70,6.70,6.90,6.70,6.70,6.70,6.70,12503,0.84,14,12052,96.39
ASHIMASYN,EQ,22-Jun-2011,6.70,6.65,6.70,6.40,6.50,6.50,6.46,5706,0.37,12,5501,96.41
ASHIMASYN,EQ,23-Jun-2011,6.50,6.30,6.30,6.20,6.20,6.20,6.23,4000,0.25,13,4000,100.00
ASHIMASYN,BE,24-Jun-2011,6.20,6.45,6.45,6.45,6.45,6.45,6.45,500,0.03,1,-,-
ASHIMASYN,BE,27-Jun-2011,6.45,6.25,6.30,6.25,6.25,6.25,6.28,3646,0.23,14,-,-
ASHIMASYN,BE,28-Jun-2011,6.25,6.00,6.55,6.00,6.55,6.55,6.45,1348,0.09,6,-,-
ASHIMASYN,BE,29-Jun-2011,6.55,6.25,6.25,6.25,6.25,6.25,6.25,1110,0.07,6,-,-
ASHIMASYN,BE,30-Jun-2011,6.25,6.00,6.15,6.00,6.00,6.00,6.05,1845,0.11,7,-,-
ASHIMASYN,BE,04-Jul-2011,6.00,5.85,5.95,5.85,5.95,5.95,5.90,301,0.02,5,-,-
ASHIMASYN,BE,05-Jul-2011,5.95,5.85,6.25,5.85,6.20,6.20,6.23,3110,0.19,6,-,-
ASHIMASYN,BE,06-Jul-2011,6.20,6.10,6.10,6.00,6.00,6.00,6.07,1351,0.08,2,-,-
ASHIMASYN,BE,07-Jul-2011,6.00,6.00,6.00,5.85,5.85,5.85,5.96,7297,0.43,10,-,-
ASHIMASYN,BE,08-Jul-2011,5.85,6.15,6.15,5.95,5.95,5.95,6.02,8848,0.53,13,-,-
ASHIMASYN,BE,11-Jul-2011,5.95,5.90,5.95,5.90,5.95,5.95,5.92,1500,0.09,4,-,-
ASHIMASYN,BE,12-Jul-2011,5.95,5.90,5.90,5.65,5.65,5.70,5.77,2641,0.15,8,-,-
ASHIMASYN,BE,13-Jul-2011,5.70,5.60,5.95,5.60,5.95,5.95,5.90,1150,0.07,2,-,-
ASHIMASYN,BE,14-Jul-2011,5.95,5.70,5.70,5.70,5.70,5.70,5.70,150,0.01,2,-,-
ASHIMASYN,BE,15-Jul-2011,5.70,5.75,5.90,5.50,5.90,5.90,5.68,4050,0.23,6,-,-
ASHIMASYN,BE,18-Jul-2011,5.90,5.65,5.95,5.65,5.95,5.95,5.89,85,0.01,3,-,-
ASHIMASYN,BE,19-Jul-2011,5.95,5.75,5.75,5.70,5.70,5.70,5.73,994,0.06,4,-,-
ASHIMASYN,BE,20-Jul-2011,5.70,5.65,5.80,5.65,5.75,5.75,5.72,3535,0.20,7,-,-
ASHIMASYN,BE,21-Jul-2011,5.75,5.50,5.95,5.50,5.75,5.75,5.84,1965,0.11,7,-,-
ASHIMASYN,BE,22-Jul-2011,5.75,6.00,6.00,5.80,5.90,5.85,5.97,2547,0.15,7,-,-
ASHIMASYN,BE,25-Jul-2011,5.85,5.70,5.75,5.70,5.75,5.75,5.73,331,0.02,2,-,-
ASHIMASYN,BE,26-Jul-2011,5.75,5.80,5.90,5.70,5.80,5.80,5.75,12650,0.73,11,-,-
ASHIMASYN,BE,27-Jul-2011,5.80,5.85,5.85,5.65,5.65,5.65,5.82,601,0.03,3,-,-
ASHIMASYN,BE,28-Jul-2011,5.65,5.70,5.95,5.70,5.95,5.95,5.89,3199,0.19,9,-,-
ASHIMASYN,BE,29-Jul-2011,5.95,5.70,6.10,5.70,6.05,5.90,5.90,1420,0.08,7,-,-
ASHIMASYN,BE,01-Aug-2011,5.90,6.00,6.00,6.00,6.00,6.00,6.00,15,0.00,2,-,-
ASHIMASYN,BE,02-Aug-2011,6.00,5.70,5.75,5.70,5.70,5.70,5.70,3015,0.17,21,-,-
ASHIMASYN,BE,03-Aug-2011,5.70,5.50,5.75,5.45,5.50,5.45,5.50,1750,0.10,7,-,-
ASHIMASYN,BE,04-Aug-2011,5.45,5.50,5.50,5.45,5.45,5.45,5.48,200,0.01,2,-,-
ASHIMASYN,BE,05-Aug-2011,5.45,5.20,5.50,5.20,5.20,5.20,5.29,5342,0.28,21,-,-
ASHIMASYN,BE,08-Aug-2011,5.20,5.10,5.20,5.10,5.15,5.15,5.11,2409,0.12,6,-,-
ASHIMASYN,BE,09-Aug-2011,5.15,4.90,5.25,4.90,4.95,5.10,5.11,2652,0.14,8,-,-
ASHIMASYN,BE,10-Aug-2011,5.10,4.85,5.30,4.85,5.00,5.00,5.05,3310,0.17,10,-,-
ASHIMASYN,BE,11-Aug-2011,5.00,5.00,5.00,4.90,4.90,4.90,4.95,2472,0.12,8,-,-
ASHIMASYN,BE,12-Aug-2011,4.90,5.10,5.10,5.05,5.05,5.05,5.05,224,0.01,4,-,-
ASHIMASYN,BE,16-Aug-2011,5.05,5.00,5.00,5.00,5.00,5.00,5.00,2024,0.10,5,-,-
ASHIMASYN,BE,17-Aug-2011,5.00,4.75,4.90,4.75,4.80,4.80,4.83,8199,0.40,14,-,-
ASHIMASYN,BE,18-Aug-2011,4.80,4.65,4.80,4.60,4.80,4.80,4.63,4801,0.22,6,-,-
ASHIMASYN,BE,19-Aug-2011,4.80,4.60,4.60,4.60,4.60,4.60,4.60,550,0.03,2,-,-
ASHIMASYN,BE,22-Aug-2011,4.60,4.40,4.40,4.40,4.40,4.40,4.40,500,0.02,1,-,-
ASHIMASYN,BE,23-Aug-2011,4.40,4.55,4.60,4.55,4.60,4.60,4.58,2724,0.12,2,-,-
ASHIMASYN,BE,24-Aug-2011,4.60,4.40,4.40,4.40,4.40,4.40,4.40,600,0.03,2,-,-
ASHIMASYN,BE,25-Aug-2011,4.40,4.30,4.30,4.20,4.20,4.20,4.20,4059,0.17,5,-,-
ASHIMASYN,BE,26-Aug-2011,4.20,4.05,4.05,4.00,4.00,4.00,4.01,8661,0.35,12,-,-
ASHIMASYN,BE,29-Aug-2011,4.00,4.05,4.20,3.90,4.20,4.20,4.10,12801,0.52,17,-,-
ASHIMASYN,BE,02-Sep-2011,4.20,4.00,4.15,4.00,4.15,4.15,4.03,316,0.01,3,-,-
ASHIMASYN,BE,05-Sep-2011,4.15,4.25,4.40,4.25,4.30,4.30,4.31,30000,1.29,8,-,-
ASHIMASYN,EQ,06-Sep-2011,4.30,4.30,4.35,4.30,4.35,4.35,4.35,310,0.01,2,310,100.00
ASHIMASYN,EQ,07-Sep-2011,4.35,4.40,4.40,4.30,4.40,4.40,4.36,1400,0.06,8,1400,100.00
ASHIMASYN,EQ,08-Sep-2011,4.40,4.75,4.75,4.70,4.70,4.70,4.75,2100,0.10,2,2100,100.00
ASHIMASYN,EQ,09-Sep-2011,4.70,4.70,5.20,4.70,5.15,5.15,5.16,3123,0.16,9,2622,83.96
ASHIMASYN,EQ,13-Sep-2011,5.15,4.80,5.00,4.80,4.95,4.95,4.92,300,0.01,3,100,33.33
ASHIMASYN,EQ,14-Sep-2011,4.95,4.95,4.95,4.80,4.80,4.80,4.88,100,0.00,2,50,50.00
ASHIMASYN,EQ,15-Sep-2011,4.80,4.70,4.75,4.70,4.75,4.75,4.74,1350,0.06,3,1150,85.19
ASHIMASYN,EQ,16-Sep-2011,4.75,4.55,4.75,4.40,4.40,4.40,4.65,1617,0.08,5,1000,61.84
ASHIMASYN,EQ,19-Sep-2011,4.40,4.85,4.85,4.60,4.60,4.60,4.85,1001,0.05,2,1001,100.00
ASHIMASYN,EQ,20-Sep-2011,4.60,4.70,4.70,4.70,4.70,4.70,4.70,1,0.00,1,0,0.00
ASHIMASYN,EQ,21-Sep-2011,4.70,4.50,5.20,4.50,4.65,4.65,4.82,6600,0.32,12,5000,75.76
ASHIMASYN,EQ,22-Sep-2011,4.65,4.90,5.00,4.75,4.95,4.95,4.91,9997,0.49,25,5125,51.27
ASHIMASYN,EQ,23-Sep-2011,4.95,4.65,5.00,4.65,4.95,4.75,4.77,239,0.01,9,236,98.74
ASHIMASYN,EQ,27-Sep-2011,4.75,4.80,4.80,4.80,4.80,4.80,4.80,1300,0.06,2,1300,100.00
ASHIMASYN,EQ,28-Sep-2011,4.80,4.85,4.85,4.85,4.85,4.85,4.85,500,0.02,1,500,100.00
ASHIMASYN,EQ,29-Sep-2011,4.85,4.65,5.00,4.65,4.80,4.80,4.73,286,0.01,4,286,100.00
ASHIMASYN,EQ,30-Sep-2011,4.80,4.65,4.65,4.55,4.55,4.60,4.61,3502,0.16,7,2001,57.14
ASHIMASYN,EQ,03-Oct-2011,4.60,4.50,4.55,4.30,4.35,4.35,4.43,2735,0.12,10,2369,86.62
ASHIMASYN,EQ,04-Oct-2011,4.35,4.40,4.55,4.15,4.15,4.15,4.31,2612,0.11,9,2500,95.71
ASHIMASYN,EQ,05-Oct-2011,4.15,3.95,4.20,3.95,4.05,4.05,3.99,700,0.03,4,500,71.43
ASHIMASYN,EQ,07-Oct-2011,4.05,4.15,4.40,4.15,4.15,4.20,4.22,226,0.01,4,163,72.12
ASHIMASYN,EQ,10-Oct-2011,4.20,4.45,4.45,4.15,4.35,4.35,4.21,797,0.03,13,796,99.87
ASHIMASYN,EQ,11-Oct-2011,4.35,4.10,4.60,4.00,4.20,4.00,4.07,6040,0.25,16,5001,82.80
ASHIMASYN,EQ,13-Oct-2011,4.00,4.30,4.30,4.05,4.20,4.20,4.14,2155,0.09,6,2155,100.00
ASHIMASYN,EQ,14-Oct-2011,4.20,4.55,4.55,4.20,4.25,4.25,4.30,1503,0.06,12,1078,71.72
ASHIMASYN,EQ,18-Oct-2011,4.25,4.05,4.20,4.05,4.20,4.20,4.05,504,0.02,2,504,100.00
ASHIMASYN,EQ,19-Oct-2011,4.20,4.00,4.35,4.00,4.35,4.35,4.20,4410,0.19,24,1734,39.32
ASHIMASYN,EQ,20-Oct-2011,4.35,4.05,4.20,4.05,4.20,4.20,4.20,1705,0.07,7,1705,100.00
ASHIMASYN,EQ,21-Oct-2011,4.20,4.50,4.50,4.05,4.10,4.10,4.13,1202,0.05,8,1200,99.83
ASHIMASYN,EQ,24-Oct-2011,4.10,4.00,4.10,4.00,4.05,4.05,4.05,4140,0.17,10,4100,99.03
ASHIMASYN,EQ,24-Oct-2011,4.10,4.00,4.10,4.00,4.05,4.05,4.05,4140,0.17,10,4100,99.03
ASHIMASYN,EQ,25-Oct-2011,4.05,4.00,4.40,4.00,4.05,4.05,4.12,185,0.01,3,101,54.59
ASHIMASYN,EQ,26-Oct-2011,4.05,4.45,4.45,4.45,4.45,4.45,4.45,90,0.00,1,90,100.00
ASHIMASYN,EQ,28-Oct-2011,4.45,4.25,4.90,4.25,4.90,4.90,4.78,20749,0.99,29,18960,91.38
ASHIMASYN,EQ,31-Oct-2011,4.90,4.90,5.30,4.90,5.30,5.30,5.22,16100,0.84,33,15700,97.52
ASHIMASYN,EQ,01-Nov-2011,5.30,5.45,5.45,5.05,5.05,5.05,5.09,2641,0.13,9,1641,62.14
ASHIMASYN,EQ,02-Nov-2011,5.05,5.25,5.30,5.20,5.30,5.30,5.23,6001,0.31,8,6000,99.98
ASHIMASYN,EQ,04-Nov-2011,5.30,5.10,5.10,5.05,5.05,5.05,5.09,4000,0.20,3,3500,87.50
ASHIMASYN,EQ,08-Nov-2011,5.05,5.00,5.05,5.00,5.00,5.00,5.02,1729,0.09,5,1229,71.08
ASHIMASYN,EQ,09-Nov-2011,5.00,5.05,5.05,4.75,4.75,4.80,4.88,16661,0.81,19,13960,83.79
ASHIMASYN,EQ,11-Nov-2011,4.80,4.60,4.85,4.60,4.60,4.60,4.65,645,0.03,10,361,55.97
ASHIMASYN,EQ,14-Nov-2011,4.60,4.45,4.85,4.40,4.40,4.50,4.50,2026,0.09,16,1908,94.18
ASHIMASYN,EQ,15-Nov-2011,4.50,4.30,4.75,4.30,4.30,4.30,4.31,4292,0.18,13,3200,74.56
ASHIMASYN,EQ,16-Nov-2011,4.30,4.20,4.20,4.10,4.15,4.15,4.16,7591,0.32,14,4300,56.65
ASHIMASYN,EQ,17-Nov-2011,4.15,4.00,4.00,3.95,3.95,3.95,3.99,3212,0.13,11,2336,72.73
ASHIMASYN,EQ,18-Nov-2011,3.95,4.00,4.15,4.00,4.00,4.00,4.02,4262,0.17,9,3596,84.37
ASHIMASYN,EQ,21-Nov-2011,4.00,4.15,4.20,4.05,4.20,4.20,4.10,4002,0.16,15,2675,66.84
ASHIMASYN,EQ,22-Nov-2011,4.20,4.00,4.25,4.00,4.05,4.05,4.14,1462,0.06,9,700,47.88
ASHIMASYN,EQ,23-Nov-2011,4.05,4.25,4.25,4.05,4.05,4.05,4.08,1401,0.06,5,1000,71.38
ASHIMASYN,EQ,24-Nov-2011,4.05,4.05,4.15,3.95,4.15,4.00,4.08,4131,0.17,10,2515,60.88
ASHIMASYN,EQ,25-Nov-2011,4.00,4.20,4.20,4.00,4.00,4.00,4.11,1817,0.07,15,1506,82.88
ASHIMASYN,EQ,28-Nov-2011,4.00,4.20,4.20,4.10,4.15,4.15,4.17,1800,0.08,6,1600,88.89
ASHIMASYN,EQ,29-Nov-2011,4.15,4.25,4.25,4.10,4.10,4.10,4.11,52,0.00,3,50,96.15
ASHIMASYN,EQ,30-Nov-2011,4.10,4.25,4.25,4.00,4.00,4.00,4.12,9301,0.38,10,5300,56.98
ASHIMASYN,EQ,01-Dec-2011,4.00,3.90,4.05,3.90,4.00,4.00,3.99,2252,0.09,8,1452,64.48
ASHIMASYN,EQ,02-Dec-2011,4.00,3.90,4.20,3.90,4.00,4.00,4.01,152,0.01,5,112,73.68
ASHIMASYN,EQ,05-Dec-2011,4.00,3.95,4.20,3.95,3.95,3.95,4.00,640,0.03,4,640,100.00
ASHIMASYN,EQ,07-Dec-2011,3.95,4.00,4.15,4.00,4.10,4.10,4.08,3,0.00,3,1,33.33
ASHIMASYN,EQ,09-Dec-2011,4.10,4.00,4.10,4.00,4.10,4.10,4.10,203,0.01,3,203,100.00
ASHIMASYN,EQ,12-Dec-2011,4.10,4.00,4.00,4.00,4.00,4.00,4.00,805,0.03,4,805,100.00
ASHIMASYN,EQ,13-Dec-2011,4.00,4.00,4.20,4.00,4.20,4.20,4.15,85,0.00,4,57,67.06
ASHIMASYN,EQ,14-Dec-2011,4.20,4.00,4.00,4.00,4.00,4.00,4.00,1,0.00,1,1,100.00
ASHIMASYN,EQ,15-Dec-2011,4.00,3.90,3.90,3.80,3.80,3.80,3.81,637,0.02,4,637,100.00
ASHIMASYN,EQ,16-Dec-2011,3.80,3.85,3.85,3.85,3.85,3.85,3.85,25,0.00,1,25,100.00
ASHIMASYN,EQ,19-Dec-2011,3.85,3.70,3.75,3.70,3.70,3.70,3.70,3100,0.11,8,3100,100.00
ASHIMASYN,EQ,21-Dec-2011,3.70,3.55,3.80,3.55,3.80,3.80,3.71,3104,0.12,10,2103,67.75
ASHIMASYN,EQ,22-Dec-2011,3.80,3.65,3.80,3.65,3.80,3.75,3.74,875,0.03,4,875,100.00
ASHIMASYN,EQ,23-Dec-2011,3.75,3.65,3.90,3.65,3.90,3.90,3.88,4400,0.17,10,4000,90.91
ASHIMASYN,EQ,26-Dec-2011,3.90,3.75,4.10,3.75,4.10,3.95,3.96,1100,0.04,5,800,72.73
ASHIMASYN,EQ,27-Dec-2011,3.95,3.85,3.85,3.75,3.75,3.75,3.84,601,0.02,3,601,100.00
ASHIMASYN,EQ,28-Dec-2011,3.75,3.60,3.80,3.60,3.80,3.80,3.68,2699,0.10,6,1699,62.95
ASHIMASYN,EQ,29-Dec-2011,3.80,3.90,3.90,3.80,3.80,3.80,3.83,400,0.02,3,400,100.00
ASHIMASYN,EQ,30-Dec-2011,3.80,3.70,3.85,3.65,3.85,3.80,3.71,6938,0.26,15,5400,77.83
Symbol,Series,Date,Prev Close,Open Price,High Price,Low Price,Last Price,Close Price,Average Price,Total Traded Quantity,Turnover in Lacs,No. of Trades,Deliverable Qty,% Dly Qt to Traded Qty
ASHIMASYN,EQ,02-Jan-2012,3.80,3.85,3.85,3.80,3.80,3.80,3.84,1851,0.07,3,1851,100.00
ASHIMASYN,EQ,03-Jan-2012,3.80,3.85,3.85,3.85,3.85,3.85,3.85,900,0.03,1,900,100.00
ASHIMASYN,EQ,04-Jan-2012,3.85,3.95,3.95,3.95,3.95,3.95,3.95,100,0.00,1,100,100.00
ASHIMASYN,EQ,05-Jan-2012,3.95,4.05,4.15,3.95,3.95,3.95,3.99,2908,0.12,7,1636,56.26
ASHIMASYN,EQ,06-Jan-2012,3.95,3.95,3.95,3.95,3.95,3.95,3.95,6,0.00,1,6,100.00
ASHIMASYN,EQ,07-Jan-2012,3.95,3.75,3.75,3.75,3.75,3.75,3.75,100,0.00,1,100,100.00
ASHIMASYN,EQ,10-Jan-2012,3.75,4.05,4.05,4.05,4.05,4.05,4.05,150,0.01,2,150,100.00
ASHIMASYN,EQ,11-Jan-2012,4.05,4.10,4.10,4.10,4.10,4.10,4.10,6,0.00,1,6,100.00
ASHIMASYN,EQ,12-Jan-2012,4.10,4.45,4.45,4.45,4.45,4.45,4.45,50,0.00,1,50,100.00
ASHIMASYN,EQ,13-Jan-2012,4.45,4.15,4.45,4.15,4.45,4.30,4.16,104,0.00,4,103,99.04
ASHIMASYN,EQ,16-Jan-2012,4.30,4.10,4.15,3.90,4.10,4.05,3.98,11273,0.45,24,10070,89.33
ASHIMASYN,EQ,17-Jan-2012,4.05,4.00,4.15,4.00,4.10,4.10,4.02,11747,0.47,27,10200,86.83
ASHIMASYN,EQ,18-Jan-2012,4.10,4.10,4.10,4.00,4.00,4.00,4.02,2000,0.08,4,2000,100.00
ASHIMASYN,EQ,19-Jan-2012,4.00,4.10,4.10,4.10,4.10,4.10,4.10,1895,0.08,4,1895,100.00
ASHIMASYN,EQ,20-Jan-2012,4.10,4.15,4.15,4.15,4.15,4.15,4.15,23,0.00,1,23,100.00
ASHIMASYN,EQ,23-Jan-2012,4.15,4.10,4.10,4.05,4.05,4.05,4.05,100,0.00,2,100,100.00
ASHIMASYN,EQ,24-Jan-2012,4.05,4.35,4.35,4.00,4.00,4.00,4.07,11546,0.47,32,10642,92.17
ASHIMASYN,EQ,25-Jan-2012,4.00,4.35,4.40,4.30,4.40,4.40,4.37,10668,0.47,15,9650,90.46
ASHIMASYN,EQ,27-Jan-2012,4.40,4.20,4.50,4.20,4.40,4.40,4.40,7861,0.35,13,4014,51.06
ASHIMASYN,EQ,30-Jan-2012,4.40,4.20,4.70,4.20,4.65,4.65,4.41,1185,0.05,6,1095,92.41
ASHIMASYN,EQ,31-Jan-2012,4.65,4.30,4.70,4.30,4.70,4.70,4.60,6475,0.30,16,4475,69.11
ASHIMASYN,EQ,01-Feb-2012,4.70,4.85,4.85,4.40,4.40,4.40,4.53,2451,0.11,9,2000,81.60
ASHIMASYN,EQ,02-Feb-2012,4.40,4.40,4.75,4.25,4.75,4.75,4.69,5490,0.26,21,3987,72.62
ASHIMASYN,EQ,03-Feb-2012,4.75,4.75,4.75,4.55,4.75,4.60,4.63,2111,0.10,7,2111,100.00
ASHIMASYN,EQ,06-Feb-2012,4.60,4.80,5.05,4.80,5.05,5.05,5.00,13523,0.68,25,13073,96.67
ASHIMASYN,EQ,07-Feb-2012,5.05,5.10,5.55,5.10,5.55,5.55,5.42,18991,1.03,46,13058,68.76
ASHIMASYN,EQ,08-Feb-2012,5.55,5.15,5.90,5.15,5.60,5.55,5.62,6901,0.39,33,4422,64.08
ASHIMASYN,EQ,09-Feb-2012,5.55,5.35,5.55,5.35,5.50,5.50,5.46,2502,0.14,9,1801,71.98
ASHIMASYN,EQ,10-Feb-2012,5.50,5.50,5.60,5.35,5.60,5.55,5.53,4650,0.26,16,4605,99.03
ASHIMASYN,EQ,13-Feb-2012,5.55,5.35,5.40,5.30,5.30,5.30,5.31,6809,0.36,11,5509,80.91
ASHIMASYN,EQ,15-Feb-2012,5.30,5.45,5.45,5.05,5.05,5.10,5.12,8199,0.42,33,8196,99.96
ASHIMASYN,EQ,16-Feb-2012,5.10,4.90,4.90,4.90,4.90,4.90,4.90,450,0.02,3,450,100.00
ASHIMASYN,BE,17-Feb-2012,4.90,5.05,5.10,5.05,5.05,5.05,5.09,413,0.02,5,-,-
ASHIMASYN,BE,21-Feb-2012,5.05,4.90,4.90,4.85,4.85,4.85,4.88,1800,0.09,3,-,-
ASHIMASYN,BE,22-Feb-2012,4.85,4.75,4.75,4.75,4.75,4.75,4.75,2217,0.11,3,-,-
ASHIMASYN,BE,23-Feb-2012,4.75,4.70,4.70,4.60,4.60,4.60,4.64,3300,0.15,5,-,-
ASHIMASYN,BE,24-Feb-2012,4.60,4.60,4.60,4.40,4.40,4.40,4.47,4491,0.20,6,-,-
ASHIMASYN,BE,27-Feb-2012,4.40,4.55,4.60,4.25,4.25,4.25,4.48,2294,0.10,4,-,-
ASHIMASYN,BE,28-Feb-2012,4.25,4.30,4.45,4.30,4.30,4.30,4.41,1405,0.06,4,-,-
ASHIMASYN,BE,29-Feb-2012,4.30,4.35,4.35,4.10,4.10,4.10,4.13,26505,1.09,34,-,-
ASHIMASYN,BE,01-Mar-2012,4.10,4.15,4.15,4.15,4.15,4.15,4.15,200,0.01,1,-,-
ASHIMASYN,BE,02-Mar-2012,4.15,4.05,4.20,4.00,4.05,4.10,4.11,4721,0.19,10,-,-
ASHIMASYN,BE,05-Mar-2012,4.10,4.00,4.10,4.00,4.10,4.10,4.10,501,0.02,2,-,-
ASHIMASYN,BE,06-Mar-2012,4.10,4.00,4.00,4.00,4.00,4.00,4.00,1155,0.05,5,-,-
ASHIMASYN,BE,07-Mar-2012,4.00,4.00,4.00,4.00,4.00,4.00,4.00,112,0.00,4,-,-
ASHIMASYN,BE,09-Mar-2012,4.00,4.00,4.10,4.00,4.10,4.10,4.03,1654,0.07,7,-,-
ASHIMASYN,BE,12-Mar-2012,4.10,4.00,4.30,4.00,4.30,4.30,4.18,3346,0.14,5,-,-
ASHIMASYN,BE,13-Mar-2012,4.30,4.15,4.15,4.15,4.15,4.15,4.15,500,0.02,2,-,-
ASHIMASYN,BE,14-Mar-2012,4.15,4.05,4.15,4.05,4.15,4.15,4.15,2041,0.08,3,-,-
ASHIMASYN,BE,15-Mar-2012,4.15,4.05,4.05,4.00,4.00,4.00,4.00,27098,1.08,12,-,-
ASHIMASYN,BE,16-Mar-2012,4.00,4.00,4.00,4.00,4.00,4.00,4.00,708,0.03,3,-,-
ASHIMASYN,BE,20-Mar-2012,4.00,3.90,3.95,3.90,3.95,3.95,3.93,300,0.01,2,-,-
ASHIMASYN,BE,21-Mar-2012,3.95,3.90,3.90,3.85,3.90,3.90,3.89,6303,0.25,7,-,-
ASHIMASYN,BE,23-Mar-2012,3.90,3.75,4.00,3.75,4.00,4.00,3.92,727,0.03,2,-,-
ASHIMASYN,BE,26-Mar-2012,4.00,3.90,4.00,3.90,4.00,4.00,3.91,740,0.03,3,-,-
ASHIMASYN,BE,27-Mar-2012,4.00,3.85,3.95,3.80,3.80,3.80,3.84,8706,0.33,12,-,-
ASHIMASYN,BE,28-Mar-2012,3.80,3.65,3.90,3.65,3.70,3.70,3.73,10209,0.38,14,-,-
ASHIMASYN,BE,29-Mar-2012,3.70,3.70,3.70,3.65,3.65,3.65,3.65,2300,0.08,2,-,-
ASHIMASYN,BE,30-Mar-2012,3.65,3.60,3.80,3.55,3.80,3.80,3.73,2506,0.09,10,-,-
ASHIMASYN,BE,02-Apr-2012,3.80,3.85,3.95,3.85,3.95,3.95,3.86,1389,0.05,4,-,-
ASHIMASYN,BE,04-Apr-2012,3.95,3.95,4.00,3.80,3.90,3.90,3.95,2528,0.10,9,-,-
ASHIMASYN,BE,09-Apr-2012,3.90,3.80,4.05,3.80,3.85,3.85,4.00,401,0.02,5,-,-
ASHIMASYN,BE,10-Apr-2012,3.85,3.90,3.90,3.90,3.90,3.90,3.90,925,0.04,1,-,-
ASHIMASYN,BE,11-Apr-2012,3.90,3.95,4.05,3.95,4.05,4.05,3.98,4100,0.16,5,-,-
ASHIMASYN,BE,12-Apr-2012,4.05,4.00,4.10,4.00,4.05,4.05,4.02,800,0.03,4,-,-
ASHIMASYN,BE,13-Apr-2012,4.05,3.95,4.00,3.85,3.85,3.85,3.93,1708,0.07,8,-,-
ASHIMASYN,BE,17-Apr-2012,3.85,3.85,3.85,3.85,3.85,3.85,3.85,100,0.00,1,-,-
ASHIMASYN,BE,19-Apr-2012,3.85,3.90,3.90,3.90,3.90,3.90,3.90,650,0.03,1,-,-
ASHIMASYN,BE,20-Apr-2012,3.90,4.00,4.05,3.80,4.05,4.05,3.90,1748,0.07,8,-,-
ASHIMASYN,BE,23-Apr-2012,4.05,3.85,3.85,3.85,3.85,3.85,3.85,1,0.00,1,-,-
ASHIMASYN,BE,24-Apr-2012,3.85,3.80,3.80,3.75,3.75,3.75,3.76,1000,0.04,2,-,-
ASHIMASYN,BE,25-Apr-2012,3.75,3.90,3.90,3.90,3.90,3.90,3.90,100,0.00,1,-,-
ASHIMASYN,BE,26-Apr-2012,3.90,3.75,3.75,3.75,3.75,3.75,3.75,454,0.02,3,-,-
ASHIMASYN,BE,27-Apr-2012,3.75,3.90,3.90,3.65,3.65,3.65,3.87,169,0.01,2,-,-
ASHIMASYN,BE,30-Apr-2012,3.65,3.60,3.60,3.60,3.60,3.60,3.60,225,0.01,2,-,-
ASHIMASYN,BE,02-May-2012,3.60,3.55,3.60,3.55,3.60,3.60,3.59,1455,0.05,4,-,-
ASHIMASYN,BE,03-May-2012,3.60,3.60,3.60,3.60,3.60,3.60,3.60,100,0.00,1,-,-
ASHIMASYN,BE,04-May-2012,3.60,3.50,3.50,3.45,3.45,3.45,3.47,4115,0.14,7,-,-
ASHIMASYN,BE,07-May-2012,3.45,3.50,3.50,3.50,3.50,3.50,3.50,600,0.02,3,-,-
ASHIMASYN,BE,08-May-2012,3.50,3.35,3.60,3.35,3.50,3.50,3.49,700,0.02,4,-,-
ASHIMASYN,BE,09-May-2012,3.50,3.35,3.35,3.35,3.35,3.35,3.35,1000,0.03,2,-,-
ASHIMASYN,BE,10-May-2012,3.35,3.50,3.50,3.50,3.50,3.50,3.50,2000,0.07,3,-,-
ASHIMASYN,BE,16-May-2012,3.50,3.45,3.65,3.35,3.35,3.35,3.47,7165,0.25,12,-,-
ASHIMASYN,BE,17-May-2012,3.35,3.50,3.50,3.25,3.25,3.25,3.50,10817,0.38,7,-,-
ASHIMASYN,BE,23-May-2012,3.25,3.10,3.10,3.10,3.10,3.10,3.10,1,0.00,1,-,-
ASHIMASYN,BE,25-May-2012,3.10,3.25,3.25,3.25,3.25,3.25,3.25,100,0.00,1,-,-
ASHIMASYN,BE,28-May-2012,3.25,3.40,3.40,3.40,3.40,3.40,3.40,15,0.00,1,-,-
ASHIMASYN,BE,29-May-2012,3.40,3.55,3.55,3.55,3.55,3.55,3.55,100,0.00,1,-,-
ASHIMASYN,BE,31-May-2012,3.55,3.70,3.70,3.70,3.70,3.70,3.70,1000,0.04,2,-,-
ASHIMASYN,BE,01-Jun-2012,3.70,3.60,3.60,3.60,3.60,3.60,3.60,207,0.01,2,-,-
ASHIMASYN,BE,04-Jun-2012,3.60,3.60,3.70,3.45,3.50,3.50,3.58,8026,0.29,9,-,-
ASHIMASYN,BE,05-Jun-2012,3.50,3.50,3.60,3.35,3.35,3.35,3.43,37025,1.27,13,-,-
ASHIMASYN,BE,06-Jun-2012,3.35,3.50,3.50,3.40,3.50,3.50,3.47,1514,0.05,3,-,-
ASHIMASYN,BE,07-Jun-2012,3.50,3.50,3.50,3.50,3.50,3.50,3.50,191,0.01,1,-,-
ASHIMASYN,BE,08-Jun-2012,3.50,3.50,3.50,3.35,3.35,3.35,3.35,1025,0.03,3,-,-
ASHIMASYN,BE,11-Jun-2012,3.35,3.35,3.35,3.35,3.35,3.35,3.35,700,0.02,2,-,-
ASHIMASYN,BE,12-Jun-2012,3.35,3.20,3.35,3.20,3.35,3.35,3.28,1000,0.03,2,-,-
ASHIMASYN,BE,14-Jun-2012,3.35,3.50,3.50,3.30,3.30,3.30,3.43,1450,0.05,4,-,-
ASHIMASYN,EQ,15-Jun-2012,3.30,3.45,3.45,3.45,3.45,3.45,3.45,6000,0.21,3,6000,100.00
ASHIMASYN,EQ,18-Jun-2012,3.45,3.60,3.60,3.50,3.50,3.50,3.58,16100,0.58,28,10450,64.91
ASHIMASYN,EQ,19-Jun-2012,3.50,3.50,3.65,3.45,3.65,3.55,3.51,1082,0.04,9,1032,95.38
ASHIMASYN,EQ,20-Jun-2012,3.55,3.50,3.65,3.50,3.50,3.55,3.55,75,0.00,3,50,66.67
ASHIMASYN,EQ,21-Jun-2012,3.55,3.65,3.65,3.45,3.60,3.60,3.58,700,0.03,5,500,71.43
ASHIMASYN,EQ,25-Jun-2012,3.60,3.50,3.50,3.45,3.45,3.45,3.48,1030,0.04,8,1009,97.96
ASHIMASYN,EQ,26-Jun-2012,3.45,3.30,3.30,3.30,3.30,3.30,3.30,220,0.01,3,110,50.00
ASHIMASYN,EQ,27-Jun-2012,3.30,3.45,3.45,3.45,3.45,3.45,3.45,20,0.00,2,20,100.00
ASHIMASYN,EQ,28-Jun-2012,3.45,3.30,3.55,3.30,3.35,3.35,3.36,6210,0.21,12,4000,64.41
ASHIMASYN,EQ,29-Jun-2012,3.35,3.30,3.30,3.30,3.30,3.30,3.30,700,0.02,2,700,100.00
ASHIMASYN,EQ,04-Jul-2012,3.30,3.45,3.45,3.45,3.45,3.45,3.45,1700,0.06,3,1700,100.00
ASHIMASYN,EQ,05-Jul-2012,3.45,3.60,3.60,3.60,3.60,3.60,3.60,800,0.03,1,800,100.00
ASHIMASYN,EQ,06-Jul-2012,3.60,3.90,3.90,3.60,3.65,3.65,3.65,3825,0.14,5,3800,99.35
ASHIMASYN,EQ,09-Jul-2012,3.65,3.35,3.55,3.35,3.45,3.45,3.43,7415,0.25,24,4000,53.94
ASHIMASYN,EQ,09-Jul-2012,3.65,3.35,3.55,3.35,3.45,3.45,3.43,7415,0.25,24,4000,53.94
ASHIMASYN,EQ,10-Jul-2012,3.45,3.50,3.50,3.50,3.50,3.50,3.50,130,0.00,1,130,100.00
ASHIMASYN,EQ,11-Jul-2012,3.50,3.70,3.85,3.70,3.80,3.80,3.81,4688,0.18,17,4100,87.46
ASHIMASYN,EQ,12-Jul-2012,3.80,4.00,4.00,3.70,3.70,3.70,3.90,5100,0.20,14,4200,82.35
ASHIMASYN,EQ,13-Jul-2012,3.70,4.00,4.05,3.85,3.95,3.95,4.00,35731,1.43,42,26887,75.25
ASHIMASYN,EQ,16-Jul-2012,3.95,4.00,4.25,3.85,3.85,3.85,3.93,1464,0.06,13,887,60.59
ASHIMASYN,EQ,17-Jul-2012,3.85,3.55,4.05,3.55,3.85,3.85,3.94,6386,0.25,17,4535,71.01
ASHIMASYN,EQ,18-Jul-2012,3.85,3.85,3.85,3.60,3.65,3.65,3.70,777,0.03,3,500,64.35
ASHIMASYN,EQ,19-Jul-2012,3.65,3.90,3.90,3.65,3.65,3.65,3.82,1450,0.06,4,1000,68.97
ASHIMASYN,BE,24-Jul-2012,3.65,3.65,3.70,3.65,3.65,3.65,3.67,3431,0.13,6,-,-
ASHIMASYN,BE,25-Jul-2012,3.65,3.60,3.60,3.60,3.60,3.60,3.60,777,0.03,1,-,-
ASHIMASYN,BE,26-Jul-2012,3.60,3.75,3.75,3.65,3.65,3.65,3.72,2591,0.10,6,-,-
ASHIMASYN,BE,27-Jul-2012,3.65,3.80,3.80,3.80,3.80,3.80,3.80,2000,0.08,3,-,-
ASHIMASYN,BE,30-Jul-2012,3.80,3.75,3.75,3.75,3.75,3.75,3.75,2,0.00,2,-,-
ASHIMASYN,BE,31-Jul-2012,3.75,3.75,3.90,3.75,3.90,3.90,3.90,238,0.01,4,-,-
ASHIMASYN,BE,01-Aug-2012,3.90,3.90,3.90,3.80,3.80,3.80,3.88,3711,0.14,6,-,-
ASHIMASYN,BE,02-Aug-2012,3.80,3.70,3.80,3.70,3.80,3.80,3.71,450,0.02,2,-,-
ASHIMASYN,BE,03-Aug-2012,3.80,3.80,3.95,3.80,3.95,3.90,3.90,39,0.00,2,-,-
ASHIMASYN,BE,06-Aug-2012,3.90,3.80,4.00,3.80,4.00,4.00,3.89,7400,0.29,12,-,-
ASHIMASYN,BE,07-Aug-2012,4.00,3.95,3.95,3.80,3.80,3.80,3.83,2900,0.11,10,-,-
ASHIMASYN,BE,08-Aug-2012,3.80,3.85,3.85,3.85,3.85,3.85,3.85,1478,0.06,1,-,-
ASHIMASYN,BE,09-Aug-2012,3.85,3.80,3.80,3.70,3.70,3.70,3.78,2001,0.08,3,-,-
ASHIMASYN,BE,10-Aug-2012,3.70,3.60,3.60,3.55,3.55,3.55,3.58,4403,0.16,7,-,-
ASHIMASYN,BE,13-Aug-2012,3.55,3.40,3.70,3.40,3.45,3.45,3.45,8853,0.31,27,-,-
ASHIMASYN,BE,14-Aug-2012,3.45,3.40,3.55,3.40,3.40,3.40,3.43,500,0.02,5,-,-
ASHIMASYN,BE,16-Aug-2012,3.40,3.40,3.40,3.30,3.40,3.40,3.36,4101,0.14,5,-,-
ASHIMASYN,BE,17-Aug-2012,3.40,3.35,3.45,3.25,3.40,3.40,3.33,7500,0.25,15,-,-
ASHIMASYN,BE,21-Aug-2012,3.40,3.55,3.55,3.55,3.55,3.55,3.55,2000,0.07,7,-,-
ASHIMASYN,BE,22-Aug-2012,3.55,3.60,3.70,3.60,3.70,3.70,3.68,14694,0.54,22,-,-
ASHIMASYN,BE,23-Aug-2012,3.70,3.80,3.80,3.80,3.80,3.80,3.80,2778,0.11,3,-,-
ASHIMASYN,BE,24-Aug-2012,3.80,3.95,3.95,3.95,3.95,3.95,3.95,10050,0.40,12,-,-
ASHIMASYN,BE,27-Aug-2012,3.95,3.95,4.10,3.95,4.10,4.10,3.99,6842,0.27,9,-,-
ASHIMASYN,BE,29-Aug-2012,4.10,4.30,4.30,4.30,4.30,4.30,4.30,900,0.04,2,-,-
ASHIMASYN,BE,30-Aug-2012,4.30,4.50,4.50,4.50,4.50,4.50,4.50,5158,0.23,3,-,-
ASHIMASYN,EQ,31-Aug-2012,4.50,4.70,4.70,4.70,4.70,4.70,4.70,100,0.00,1,100,100.00
ASHIMASYN,EQ,03-Sep-2012,4.70,4.90,4.90,4.90,4.90,4.90,4.90,500,0.02,1,500,100.00
ASHIMASYN,EQ,04-Sep-2012,4.90,5.10,5.10,5.10,5.10,5.10,5.10,400,0.02,4,400,100.00
ASHIMASYN,EQ,05-Sep-2012,5.10,5.35,5.35,4.95,5.35,5.35,5.26,21552,1.13,40,9399,43.61
ASHIMASYN,EQ,06-Sep-2012,5.35,5.45,5.45,5.10,5.10,5.10,5.10,17323,0.88,35,16051,92.66
ASHIMASYN,EQ,07-Sep-2012,5.10,4.85,5.00,4.85,4.90,4.85,4.86,10707,0.52,19,10205,95.31
ASHIMASYN,EQ,08-Sep-2012,4.85,4.90,4.90,4.65,4.65,4.65,4.67,5522,0.26,9,4622,83.70
ASHIMASYN,EQ,10-Sep-2012,4.65,4.45,4.70,4.45,4.50,4.50,4.47,4476,0.20,12,4376,97.77
ASHIMASYN,EQ,11-Sep-2012,4.50,4.35,4.70,4.30,4.70,4.70,4.45,1649,0.07,12,994,60.28
ASHIMASYN,EQ,12-Sep-2012,4.70,4.70,4.90,4.55,4.90,4.90,4.75,13046,0.62,24,9448,72.42
ASHIMASYN,EQ,13-Sep-2012,4.90,5.00,5.10,4.75,4.90,4.95,4.91,23224,1.14,42,17044,73.39
ASHIMASYN,EQ,14-Sep-2012,4.95,5.15,5.15,4.90,5.15,5.15,5.04,18909,0.95,30,11987,63.39
ASHIMASYN,EQ,17-Sep-2012,5.15,5.40,5.40,5.10,5.40,5.35,5.32,42860,2.28,58,31737,74.05
ASHIMASYN,EQ,18-Sep-2012,5.35,5.50,5.60,5.30,5.60,5.60,5.50,30453,1.68,64,17397,57.13
ASHIMASYN,EQ,20-Sep-2012,5.60,5.75,5.85,5.60,5.85,5.85,5.80,32200,1.87,55,26693,82.90
ASHIMASYN,EQ,21-Sep-2012,5.85,5.85,6.10,5.80,5.85,6.05,5.99,47255,2.83,74,33002,69.84
ASHIMASYN,EQ,24-Sep-2012,6.05,6.00,6.35,6.00,6.35,6.35,6.21,19561,1.21,35,10686,54.63
ASHIMASYN,EQ,25-Sep-2012,6.35,6.60,6.65,6.30,6.50,6.50,6.54,38066,2.49,68,22758,59.79
ASHIMASYN,EQ,26-Sep-2012,6.50,6.40,6.75,6.20,6.20,6.20,6.36,25849,1.64,52,15918,61.58
ASHIMASYN,EQ,27-Sep-2012,6.20,5.90,5.90,5.90,5.90,5.90,5.90,4100,0.24,6,4100,100.00
ASHIMASYN,BE,28-Sep-2012,5.90,5.65,5.65,5.65,5.65,5.65,5.65,6000,0.34,13,-,-
ASHIMASYN,BE,01-Oct-2012,5.65,5.55,5.90,5.40,5.90,5.90,5.58,19420,1.08,55,-,-
ASHIMASYN,BE,03-Oct-2012,5.90,5.95,6.15,5.75,6.15,6.15,6.06,2600,0.16,7,-,-
ASHIMASYN,BE,04-Oct-2012,6.15,5.85,6.00,5.85,6.00,6.00,5.89,4900,0.29,11,-,-
ASHIMASYN,BE,05-Oct-2012,6.00,5.95,6.10,5.70,6.10,6.10,5.78,8756,0.51,13,-,-
ASHIMASYN,BE,08-Oct-2012,6.10,6.30,6.40,5.90,6.40,6.40,6.33,23007,1.46,26,-,-
ASHIMASYN,BE,09-Oct-2012,6.40,6.30,6.70,6.20,6.70,6.50,6.61,26297,1.74,22,-,-
ASHIMASYN,BE,10-Oct-2012,6.50,6.70,6.80,6.35,6.80,6.60,6.69,31900,2.14,35,-,-
ASHIMASYN,BE,11-Oct-2012,6.60,6.60,6.90,6.60,6.90,6.90,6.90,23426,1.62,47,-,-
ASHIMASYN,BE,12-Oct-2012,6.90,7.20,7.20,6.60,6.90,6.90,6.85,8555,0.59,25,-,-
ASHIMASYN,BE,15-Oct-2012,6.90,6.65,6.90,6.65,6.90,6.90,6.86,4150,0.28,13,-,-
ASHIMASYN,BE,16-Oct-2012,6.90,6.65,6.65,6.60,6.60,6.60,6.63,2015,0.13,5,-,-
ASHIMASYN,BE,17-Oct-2012,6.60,6.30,6.30,6.30,6.30,6.30,6.30,634,0.04,5,-,-
ASHIMASYN,BE,18-Oct-2012,6.30,6.00,6.00,6.00,6.00,6.00,6.00,5506,0.33,18,-,-
ASHIMASYN,BE,19-Oct-2012,6.00,6.00,6.00,5.85,5.95,5.95,5.95,2437,0.15,9,-,-
ASHIMASYN,BE,22-Oct-2012,5.95,5.95,5.95,5.85,5.85,5.85,5.89,8,0.00,2,-,-
ASHIMASYN,BE,23-Oct-2012,5.85,6.00,6.00,5.60,5.60,5.60,5.65,4136,0.23,14,-,-
ASHIMASYN,BE,25-Oct-2012,5.60,5.60,5.80,5.35,5.70,5.70,5.42,9398,0.51,17,-,-
ASHIMASYN,BE,29-Oct-2012,5.70,5.45,5.45,5.45,5.45,5.45,5.45,100,0.01,1,-,-
ASHIMASYN,BE,30-Oct-2012,5.45,5.20,5.20,5.20,5.20,5.20,5.20,1000,0.05,2,-,-
ASHIMASYN,BE,31-Oct-2012,5.20,5.00,5.00,4.95,4.95,4.95,4.95,3395,0.17,8,-,-
ASHIMASYN,BE,02-Nov-2012,4.95,4.95,4.95,4.80,4.80,4.80,4.95,2031,0.10,3,-,-
ASHIMASYN,BE,05-Nov-2012,4.80,4.80,4.95,4.80,4.95,4.80,4.80,5501,0.26,8,-,-
ASHIMASYN,BE,06-Nov-2012,4.80,4.70,5.00,4.70,5.00,5.00,4.91,1524,0.07,8,-,-
ASHIMASYN,BE,07-Nov-2012,5.00,5.00,5.20,5.00,5.00,5.00,5.07,3400,0.17,10,-,-
ASHIMASYN,BE,08-Nov-2012,5.00,4.90,4.95,4.90,4.95,4.95,4.92,301,0.01,2,-,-
ASHIMASYN,BE,09-Nov-2012,4.95,5.00,5.15,4.90,4.95,4.90,5.00,771,0.04,5,-,-
ASHIMASYN,BE,12-Nov-2012,4.90,4.95,4.95,4.95,4.95,4.95,4.95,169,0.01,2,-,-
ASHIMASYN,BE,15-Nov-2012,4.95,4.90,4.90,4.80,4.80,4.80,4.86,5000,0.24,11,-,-
ASHIMASYN,BE,16-Nov-2012,4.80,4.90,5.00,4.90,5.00,5.00,4.91,5609,0.28,10,-,-
ASHIMASYN,BE,19-Nov-2012,5.00,4.80,4.85,4.75,4.75,4.75,4.81,5695,0.27,21,-,-
ASHIMASYN,BE,20-Nov-2012,4.75,4.95,4.95,4.95,4.95,4.95,4.95,95,0.00,9,-,-
ASHIMASYN,BE,21-Nov-2012,4.95,5.05,5.10,4.85,4.85,4.85,4.98,2005,0.10,14,-,-
ASHIMASYN,BE,22-Nov-2012,4.85,4.70,4.95,4.70,4.95,4.95,4.85,1366,0.07,43,-,-
ASHIMASYN,BE,23-Nov-2012,4.95,4.95,5.00,4.90,4.90,4.95,4.96,937,0.05,12,-,-
ASHIMASYN,BE,26-Nov-2012,4.95,4.90,4.90,4.80,4.80,4.80,4.87,1620,0.08,6,-,-
ASHIMASYN,BE,27-Nov-2012,4.80,4.95,4.95,4.95,4.95,4.95,4.95,200,0.01,1,-,-
ASHIMASYN,BE,29-Nov-2012,4.95,4.90,4.90,4.75,4.75,4.75,4.86,3250,0.16,11,-,-
ASHIMASYN,EQ,03-Dec-2012,4.75,4.90,4.90,4.85,4.85,4.85,4.89,1300,0.06,2,1300,100.00
ASHIMASYN,EQ,04-Dec-2012,4.85,4.80,5.00,4.80,5.00,5.00,4.81,1030,0.05,2,1030,100.00
ASHIMASYN,EQ,05-Dec-2012,5.00,5.00,5.20,4.85,5.20,5.20,4.95,4801,0.24,12,4700,97.90
ASHIMASYN,EQ,06-Dec-2012,5.20,5.20,5.20,4.95,5.15,5.15,5.01,3754,0.19,12,3150,83.91
ASHIMASYN,EQ,07-Dec-2012,5.15,4.90,5.00,4.90,5.00,5.00,4.99,1533,0.08,7,1353,88.26
ASHIMASYN,EQ,10-Dec-2012,5.00,4.85,4.85,4.80,4.85,4.85,4.85,2004,0.10,5,2002,99.90
ASHIMASYN,EQ,11-Dec-2012,4.85,5.05,5.05,4.90,4.90,4.90,4.94,2602,0.13,5,1602,61.57
ASHIMASYN,EQ,12-Dec-2012,4.90,4.80,5.00,4.70,4.95,4.90,4.81,12875,0.62,13,11140,86.52
ASHIMASYN,EQ,13-Dec-2012,4.90,4.70,4.75,4.70,4.75,4.75,4.75,406,0.02,3,406,100.00
ASHIMASYN,EQ,14-Dec-2012,4.75,4.70,4.95,4.70,4.90,4.90,4.75,1852,0.09,4,1802,97.30
ASHIMASYN,EQ,17-Dec-2012,4.90,5.05,5.05,4.80,4.80,4.80,5.03,2183,0.11,5,2000,91.62
ASHIMASYN,EQ,18-Dec-2012,4.80,4.95,4.95,4.75,4.85,4.85,4.82,1557,0.08,6,1256,80.67
ASHIMASYN,EQ,19-Dec-2012,4.85,4.70,4.90,4.65,4.90,4.90,4.69,7000,0.33,13,4302,61.46
ASHIMASYN,EQ,20-Dec-2012,4.90,4.85,4.85,4.70,4.70,4.70,4.72,250,0.01,4,220,88.00
ASHIMASYN,EQ,21-Dec-2012,4.70,4.50,4.90,4.50,4.90,4.80,4.69,3831,0.18,10,1785,46.59
ASHIMASYN,EQ,24-Dec-2012,4.80,4.60,4.60,4.60,4.60,4.60,4.60,55,0.00,1,55,100.00
ASHIMASYN,EQ,26-Dec-2012,4.60,4.60,4.65,4.40,4.65,4.65,4.53,2401,0.11,11,1300,54.14
ASHIMASYN,EQ,27-Dec-2012,4.65,4.45,4.55,4.45,4.55,4.55,4.49,4950,0.22,8,2950,59.60
ASHIMASYN,EQ,28-Dec-2012,4.55,4.50,4.50,4.35,4.45,4.45,4.40,1073,0.05,6,1048,97.67
ASHIMASYN,EQ,31-Dec-2012,4.45,4.45,4.50,4.45,4.50,4.50,4.46,840,0.04,5,840,100.00
Symbol,Series,Date,Prev Close,Open Price,High Price,Low Price,Last Price,Close Price,Average Price,Total Traded Quantity,Turnover in Lacs,No. of Trades,Deliverable Qty,% Dly Qt to Traded Qty
ASHIMASYN,EQ,01-Jan-2013,4.50,4.35,4.70,4.35,4.70,4.70,4.51,3451,0.16,11,2750,79.69
ASHIMASYN,EQ,02-Jan-2013,4.70,4.70,4.90,4.70,4.90,4.90,4.87,6900,0.34,17,5900,85.51
ASHIMASYN,EQ,03-Jan-2013,4.90,4.70,4.90,4.70,4.90,4.90,4.83,3370,0.16,10,1701,50.47
ASHIMASYN,EQ,04-Jan-2013,4.90,5.05,5.10,4.90,5.00,5.00,4.95,1085,0.05,7,1050,96.77
ASHIMASYN,EQ,07-Jan-2013,5.00,4.70,5.25,4.70,5.25,5.25,5.03,2212,0.11,16,1602,72.42
ASHIMASYN,EQ,08-Jan-2013,5.25,5.25,5.25,5.25,5.25,5.25,5.25,1250,0.07,2,1250,100.00
ASHIMASYN,EQ,09-Jan-2013,5.25,5.30,5.30,5.00,5.20,5.20,5.28,1155,0.06,4,1155,100.00
ASHIMASYN,EQ,10-Jan-2013,5.20,5.00,5.00,4.95,4.95,4.95,4.99,3300,0.16,11,2600,78.79
ASHIMASYN,EQ,11-Jan-2013,4.95,5.00,5.00,4.60,4.60,4.65,4.64,2901,0.13,7,1001,34.51
ASHIMASYN,EQ,14-Jan-2013,4.65,4.55,4.70,4.50,4.55,4.55,4.56,5449,0.25,13,3550,65.15
ASHIMASYN,EQ,15-Jan-2013,4.55,4.50,4.80,4.50,4.60,4.70,4.62,2460,0.11,12,2360,95.93
ASHIMASYN,EQ,16-Jan-2013,4.70,4.50,4.55,4.45,4.45,4.45,4.54,17300,0.79,9,16700,96.53
ASHIMASYN,EQ,17-Jan-2013,4.45,4.45,4.85,4.45,4.85,4.85,4.74,4517,0.21,27,3542,78.41
ASHIMASYN,EQ,18-Jan-2013,4.85,5.00,5.00,4.60,4.85,4.85,4.79,971,0.05,14,710,73.12
ASHIMASYN,EQ,21-Jan-2013,4.85,4.50,4.90,4.50,4.55,4.85,4.67,456,0.02,10,304,66.67
ASHIMASYN,EQ,22-Jan-2013,4.85,4.55,4.75,4.55,4.60,4.60,4.63,1463,0.07,8,913,62.41
ASHIMASYN,EQ,23-Jan-2013,4.60,4.55,4.55,4.55,4.55,4.55,4.55,22,0.00,1,22,100.00
ASHIMASYN,EQ,24-Jan-2013,4.55,4.30,4.30,4.25,4.30,4.30,4.27,10172,0.43,27,8342,82.01
ASHIMASYN,EQ,25-Jan-2013,4.30,4.25,4.25,4.00,4.00,4.00,4.04,18660,0.75,36,14700,78.78
ASHIMASYN,EQ,28-Jan-2013,4.00,4.05,4.20,4.00,4.00,4.00,4.05,2252,0.09,17,1700,75.49
ASHIMASYN,EQ,29-Jan-2013,4.00,3.85,4.10,3.85,4.10,4.10,3.87,219,0.01,3,219,100.00
ASHIMASYN,EQ,30-Jan-2013,4.10,4.00,4.05,4.00,4.00,4.00,4.00,2352,0.09,11,2127,90.43
ASHIMASYN,EQ,31-Jan-2013,4.00,4.00,4.35,4.00,4.35,4.30,4.09,1940,0.08,10,1500,77.32
ASHIMASYN,EQ,01-Feb-2013,4.30,4.05,4.50,4.05,4.30,4.30,4.36,7299,0.32,35,4324,59.24
ASHIMASYN,EQ,04-Feb-2013,4.30,4.10,4.45,4.00,4.45,4.45,4.21,1523,0.06,7,700,45.96
ASHIMASYN,EQ,05-Feb-2013,4.45,4.15,4.15,4.15,4.15,4.15,4.15,741,0.03,3,741,100.00
ASHIMASYN,EQ,06-Feb-2013,4.15,4.15,4.15,4.00,4.05,4.00,4.05,7002,0.28,8,5002,71.44
ASHIMASYN,EQ,07-Feb-2013,4.00,4.05,4.05,3.95,3.95,3.95,4.01,1175,0.05,4,675,57.45
ASHIMASYN,EQ,08-Feb-2013,3.95,3.95,3.95,3.90,3.90,3.95,3.94,905,0.04,6,905,100.00
ASHIMASYN,EQ,11-Feb-2013,3.95,4.00,4.25,4.00,4.00,4.20,4.21,606,0.03,6,602,99.34
ASHIMASYN,EQ,12-Feb-2013,4.20,4.25,4.25,4.15,4.15,4.15,4.22,698,0.03,8,698,100.00
ASHIMASYN,EQ,13-Feb-2013,4.15,4.40,4.50,4.20,4.20,4.20,4.33,602,0.03,6,602,100.00
ASHIMASYN,EQ,14-Feb-2013,4.20,4.45,4.45,4.00,4.00,4.00,4.18,5021,0.21,21,2414,48.08
ASHIMASYN,EQ,15-Feb-2013,4.00,4.00,4.25,3.60,3.70,3.70,3.68,9877,0.36,31,6004,60.79
ASHIMASYN,EQ,18-Feb-2013,3.70,3.80,3.95,3.50,3.70,3.70,3.79,4922,0.19,26,2703,54.92
ASHIMASYN,EQ,19-Feb-2013,3.70,4.05,4.05,3.60,4.05,4.05,3.85,1203,0.05,9,701,58.27
ASHIMASYN,EQ,20-Feb-2013,4.05,4.10,4.45,3.75,4.00,4.00,4.18,3665,0.15,19,2299,62.73
ASHIMASYN,EQ,21-Feb-2013,4.00,4.30,4.30,3.85,4.05,3.85,3.86,1135,0.04,10,1134,99.91
ASHIMASYN,EQ,22-Feb-2013,3.85,4.00,4.20,3.70,4.20,4.00,3.98,2868,0.11,23,1231,42.92
ASHIMASYN,EQ,25-Feb-2013,4.00,4.00,4.00,3.65,3.70,3.70,3.72,7776,0.29,19,7375,94.84
ASHIMASYN,EQ,26-Feb-2013,3.70,3.70,3.95,3.70,3.80,3.75,3.75,2782,0.10,8,2582,92.81
ASHIMASYN,EQ,27-Feb-2013,3.75,4.00,4.10,3.70,4.10,4.10,3.95,2133,0.08,14,1682,78.86
ASHIMASYN,EQ,28-Feb-2013,4.10,4.40,4.40,3.75,3.75,3.75,4.01,4746,0.19,17,3403,71.70
ASHIMASYN,EQ,01-Mar-2013,3.75,3.70,3.75,3.45,3.55,3.60,3.68,5091,0.19,20,4696,92.24
ASHIMASYN,EQ,04-Mar-2013,3.60,3.95,3.95,3.30,3.60,3.55,3.48,2235,0.08,29,1582,70.78
ASHIMASYN,EQ,05-Mar-2013,3.55,3.85,3.85,3.60,3.65,3.65,3.75,42104,1.58,32,41101,97.62
ASHIMASYN,EQ,06-Mar-2013,3.65,3.60,3.90,3.60,3.60,3.60,3.60,1021,0.04,4,1020,99.90
ASHIMASYN,EQ,07-Mar-2013,3.60,3.65,3.65,3.60,3.60,3.60,3.64,1550,0.06,5,1550,100.00
ASHIMASYN,EQ,08-Mar-2013,3.60,4.15,4.15,3.65,3.65,3.65,3.67,33,0.00,5,30,90.91
ASHIMASYN,EQ,11-Mar-2013,3.65,3.65,3.95,3.65,3.95,3.95,3.69,705,0.03,6,705,100.00
ASHIMASYN,EQ,12-Mar-2013,3.95,4.40,4.40,3.65,3.65,3.65,3.80,2751,0.10,20,1600,58.16
ASHIMASYN,EQ,13-Mar-2013,3.65,3.50,4.05,3.20,3.35,3.30,3.53,18777,0.66,36,17716,94.35
ASHIMASYN,EQ,14-Mar-2013,3.30,3.50,3.85,3.30,3.50,3.45,3.53,7381,0.26,25,7080,95.92
ASHIMASYN,EQ,15-Mar-2013,3.45,3.50,3.55,3.30,3.30,3.35,3.41,11260,0.38,34,9360,83.13
ASHIMASYN,EQ,18-Mar-2013,3.35,3.75,3.75,3.25,3.25,3.25,3.30,4477,0.15,12,4177,93.30
ASHIMASYN,EQ,19-Mar-2013,3.25,3.75,3.75,3.35,3.70,3.60,3.54,2452,0.09,20,1452,59.22
ASHIMASYN,EQ,20-Mar-2013,3.60,3.95,4.00,3.20,4.00,3.50,3.51,6059,0.21,18,5001,82.54
ASHIMASYN,EQ,21-Mar-2013,3.50,3.50,3.90,3.20,3.60,3.75,3.75,9536,0.36,55,6951,72.89
ASHIMASYN,EQ,22-Mar-2013,3.75,3.50,3.50,3.15,3.30,3.20,3.30,4611,0.15,18,4611,100.00
ASHIMASYN,EQ,25-Mar-2013,3.20,3.05,3.50,3.00,3.10,3.10,3.10,21020,0.65,32,20573,97.87
ASHIMASYN,EQ,26-Mar-2013,3.10,3.70,3.70,2.70,3.10,3.00,2.88,17197,0.50,44,16118,93.73
ASHIMASYN,EQ,28-Mar-2013,3.00,3.40,3.40,2.85,2.95,3.00,3.11,17173,0.53,33,14121,82.23
ASHIMASYN,EQ,01-Apr-2013,3.00,3.00,3.30,3.00,3.30,3.30,3.20,461,0.01,3,461,100.00
ASHIMASYN,EQ,02-Apr-2013,3.30,3.00,3.55,3.00,3.55,3.15,3.13,3768,0.12,15,3078,81.69
ASHIMASYN,EQ,03-Apr-2013,3.15,3.50,3.70,3.20,3.25,3.30,3.35,801,0.03,6,601,75.03
ASHIMASYN,EQ,04-Apr-2013,3.30,3.30,3.80,3.05,3.05,3.20,3.27,2605,0.09,15,2317,88.94
ASHIMASYN,EQ,05-Apr-2013,3.20,3.00,3.80,3.00,3.80,3.60,3.51,4160,0.15,18,3711,89.21
ASHIMASYN,EQ,10-Apr-2013,3.60,3.05,3.05,3.05,3.05,3.05,3.05,500,0.02,1,500,100.00
ASHIMASYN,EQ,16-Apr-2013,3.05,2.65,2.65,2.55,2.55,2.55,2.60,200,0.01,3,100,50.00
ASHIMASYN,EQ,18-Apr-2013,2.55,2.80,2.80,2.80,2.80,2.80,2.80,400,0.01,1,400,100.00
ASHIMASYN,EQ,25-Apr-2013,2.80,2.85,2.85,2.85,2.85,2.85,2.85,230,0.01,2,230,100.00
ASHIMASYN,EQ,26-Apr-2013,2.85,3.00,3.00,2.60,2.60,2.60,2.96,1100,0.03,3,1100,100.00
ASHIMASYN,EQ,03-May-2013,2.60,2.35,2.75,2.35,2.75,2.75,2.69,700,0.02,2,700,100.00
ASHIMASYN,EQ,06-May-2013,2.75,2.75,2.75,2.75,2.75,2.75,2.75,1,0.00,1,1,100.00
ASHIMASYN,EQ,09-May-2013,2.75,2.70,2.70,2.50,2.50,2.50,2.64,1341,0.04,4,1341,100.00
ASHIMASYN,EQ,10-May-2013,2.50,2.55,2.55,2.55,2.55,2.55,2.55,100,0.00,1,100,100.00
ASHIMASYN,EQ,13-May-2013,2.55,2.45,2.45,2.45,2.45,2.45,2.45,35,0.00,1,35,100.00
ASHIMASYN,EQ,14-May-2013,2.45,2.45,2.90,2.45,2.55,2.55,2.67,2302,0.06,3,1101,47.83
ASHIMASYN,EQ,17-May-2013,2.55,2.60,3.05,2.60,3.05,3.05,2.79,350,0.01,3,348,99.43
ASHIMASYN,EQ,20-May-2013,3.05,2.65,2.65,2.65,2.65,2.65,2.65,100,0.00,2,100,100.00
ASHIMASYN,EQ,22-May-2013,2.65,2.75,2.75,2.75,2.75,2.75,2.75,192,0.01,2,192,100.00
ASHIMASYN,EQ,23-May-2013,2.75,3.15,3.15,3.15,3.15,3.15,3.15,4000,0.13,6,4000,100.00
ASHIMASYN,EQ,24-May-2013,3.15,2.75,2.75,2.75,2.75,2.75,2.75,100,0.00,2,100,100.00
ASHIMASYN,EQ,28-May-2013,2.75,3.05,3.25,3.05,3.25,3.25,3.05,2215,0.07,3,2214,99.95
ASHIMASYN,EQ,29-May-2013,3.25,3.10,3.10,3.05,3.05,3.05,3.06,2223,0.07,3,2223,100.00
ASHIMASYN,EQ,30-May-2013,3.05,2.80,2.80,2.80,2.80,2.80,2.80,250,0.01,2,250,100.00
ASHIMASYN,EQ,04-Jun-2013,2.80,2.65,2.65,2.55,2.55,2.55,2.60,590,0.02,3,300,50.85
ASHIMASYN,EQ,10-Jun-2013,2.55,3.00,3.00,3.00,3.00,3.00,3.00,700,0.02,1,700,100.00
ASHIMASYN,EQ,11-Jun-2013,3.00,2.80,3.05,2.80,3.05,3.05,3.04,2050,0.06,4,2050,100.00
ASHIMASYN,EQ,12-Jun-2013,3.05,3.00,3.00,3.00,3.00,3.00,3.00,1030,0.03,2,1030,100.00
ASHIMASYN,EQ,13-Jun-2013,3.00,3.00,3.00,3.00,3.00,3.00,3.00,1000,0.03,1,1000,100.00
ASHIMASYN,EQ,14-Jun-2013,3.00,3.10,3.60,3.10,3.60,3.60,3.39,4680,0.16,8,4660,99.57
ASHIMASYN,EQ,18-Jun-2013,3.60,3.95,3.95,3.45,3.45,3.45,3.94,760,0.03,2,750,98.68
ASHIMASYN,EQ,19-Jun-2013,3.45,3.40,3.75,3.40,3.75,3.75,3.53,800,0.03,4,790,98.75
ASHIMASYN,EQ,20-Jun-2013,3.75,3.45,3.65,3.45,3.65,3.65,3.45,715,0.02,4,710,99.30
ASHIMASYN,BE,02-Jul-2013,3.65,3.50,3.50,3.50,3.50,3.50,3.50,25,0.00,1,-,-
ASHIMASYN,BE,05-Jul-2013,3.50,3.35,3.35,3.35,3.35,3.35,3.35,250,0.01,1,-,-
ASHIMASYN,BE,09-Jul-2013,3.35,3.35,3.35,3.35,3.35,3.35,3.35,250,0.01,1,-,-
ASHIMASYN,BE,23-Jul-2013,3.35,3.50,3.50,3.40,3.40,3.40,3.46,600,0.02,2,-,-
ASHIMASYN,BE,24-Jul-2013,3.40,3.30,3.30,3.30,3.30,3.30,3.30,150,0.00,1,-,-
ASHIMASYN,BE,08-Aug-2013,3.30,3.15,3.15,3.15,3.15,3.15,3.15,100,0.00,1,-,-
ASHIMASYN,BE,19-Aug-2013,3.15,3.00,3.00,3.00,3.00,3.00,3.00,100,0.00,2,-,-
ASHIMASYN,BE,23-Aug-2013,3.00,3.05,3.05,2.85,2.85,2.85,3.05,600,0.02,2,-,-
ASHIMASYN,BE,26-Aug-2013,2.85,2.85,2.85,2.80,2.80,2.80,2.85,401,0.01,3,-,-
ASHIMASYN,EQ,05-Sep-2013,2.80,2.70,2.70,2.70,2.70,2.70,2.70,1300,0.04,3,1300,100.00
ASHIMASYN,EQ,06-Sep-2013,2.70,2.65,2.65,2.65,2.65,2.65,2.65,500,0.01,2,500,100.00
ASHIMASYN,EQ,10-Sep-2013,2.65,2.75,2.75,2.75,2.75,2.75,2.75,2950,0.08,2,2950,100.00
ASHIMASYN,EQ,12-Sep-2013,2.75,2.65,2.65,2.65,2.65,2.65,2.65,500,0.01,2,500,100.00
ASHIMASYN,EQ,13-Sep-2013,2.65,2.60,2.60,2.60,2.60,2.60,2.60,500,0.01,2,500,100.00
ASHIMASYN,EQ,17-Sep-2013,2.60,2.70,2.70,2.70,2.70,2.70,2.70,1000,0.03,2,1000,100.00
ASHIMASYN,EQ,18-Sep-2013,2.70,2.80,2.80,2.60,2.60,2.60,2.70,1000,0.03,4,1000,100.00
ASHIMASYN,EQ,20-Sep-2013,2.60,2.55,2.55,2.55,2.55,2.55,2.55,50,0.00,2,50,100.00
ASHIMASYN,EQ,26-Sep-2013,2.55,2.65,2.65,2.65,2.65,2.65,2.65,1000,0.03,1,1000,100.00
ASHIMASYN,EQ,14-Oct-2013,2.65,2.70,2.75,2.70,2.75,2.75,2.73,400,0.01,2,200,50.00
ASHIMASYN,EQ,22-Oct-2013,2.75,2.85,2.85,2.70,2.70,2.70,2.77,13250,0.37,8,13250,100.00
ASHIMASYN,EQ,24-Oct-2013,2.70,2.80,2.80,2.80,2.80,2.80,2.80,700,0.02,4,700,100.00
ASHIMASYN,EQ,25-Oct-2013,2.80,2.75,2.80,2.75,2.80,2.80,2.78,200,0.01,2,100,50.00
ASHIMASYN,EQ,28-Oct-2013,2.80,2.80,2.80,2.80,2.80,2.80,2.80,4093,0.11,2,4093,100.00
ASHIMASYN,EQ,29-Oct-2013,2.80,2.80,2.80,2.80,2.80,2.80,2.80,500,0.01,1,500,100.00
ASHIMASYN,EQ,31-Oct-2013,2.80,2.85,2.85,2.85,2.85,2.85,2.85,1700,0.05,5,1700,100.00
ASHIMASYN,EQ,05-Nov-2013,2.85,2.85,2.85,2.85,2.85,2.85,2.85,550,0.02,3,550,100.00
ASHIMASYN,EQ,06-Nov-2013,2.85,2.75,2.75,2.75,2.75,2.75,2.75,415,0.01,2,415,100.00
ASHIMASYN,EQ,07-Nov-2013,2.75,2.80,2.80,2.75,2.75,2.75,2.76,400,0.01,3,400,100.00
ASHIMASYN,EQ,08-Nov-2013,2.75,2.85,2.85,2.85,2.85,2.85,2.85,500,0.01,2,500,100.00
ASHIMASYN,EQ,12-Nov-2013,2.85,2.75,2.75,2.75,2.75,2.75,2.75,500,0.01,1,500,100.00
ASHIMASYN,EQ,13-Nov-2013,2.75,2.80,2.80,2.80,2.80,2.80,2.80,110,0.00,2,110,100.00
ASHIMASYN,EQ,14-Nov-2013,2.80,2.90,2.90,2.90,2.90,2.90,2.90,2900,0.08,3,2900,100.00
ASHIMASYN,EQ,18-Nov-2013,2.90,3.00,3.00,3.00,3.00,3.00,3.00,500,0.02,1,500,100.00
ASHIMASYN,EQ,19-Nov-2013,3.00,3.00,3.15,3.00,3.15,3.15,3.12,5637,0.18,10,5637,100.00
ASHIMASYN,EQ,20-Nov-2013,3.15,3.10,3.10,3.10,3.10,3.10,3.10,1000,0.03,1,1000,100.00
ASHIMASYN,EQ,26-Nov-2013,3.10,3.15,3.20,2.95,2.95,2.95,3.16,1300,0.04,4,800,61.54
ASHIMASYN,EQ,28-Nov-2013,2.95,3.00,3.00,3.00,3.00,3.00,3.00,1000,0.03,2,1000,100.00
ASHIMASYN,EQ,29-Nov-2013,3.00,2.85,2.85,2.85,2.85,2.85,2.85,1900,0.05,3,1900,100.00
ASHIMASYN,EQ,02-Dec-2013,2.85,2.80,2.95,2.80,2.95,2.95,2.88,8300,0.24,7,8300,100.00
ASHIMASYN,EQ,03-Dec-2013,2.95,2.85,2.85,2.85,2.85,2.85,2.85,150,0.00,2,150,100.00
ASHIMASYN,EQ,04-Dec-2013,2.85,2.80,2.80,2.80,2.80,2.80,2.80,200,0.01,2,200,100.00
ASHIMASYN,EQ,06-Dec-2013,2.80,2.90,2.90,2.90,2.90,2.90,2.90,300,0.01,1,300,100.00
ASHIMASYN,EQ,09-Dec-2013,2.90,2.90,3.00,2.90,3.00,3.00,2.95,2900,0.09,8,2890,99.66
ASHIMASYN,EQ,10-Dec-2013,3.00,2.90,2.90,2.90,2.90,2.90,2.90,4000,0.12,3,4000,100.00
ASHIMASYN,EQ,12-Dec-2013,2.90,2.80,3.00,2.80,3.00,3.00,2.93,860,0.03,4,610,70.93
ASHIMASYN,EQ,13-Dec-2013,3.00,2.85,2.85,2.85,2.85,2.85,2.85,4200,0.12,2,4200,100.00
ASHIMASYN,EQ,16-Dec-2013,2.85,2.75,2.75,2.75,2.75,2.75,2.75,5200,0.14,6,4200,80.77
ASHIMASYN,EQ,20-Dec-2013,2.75,2.85,2.85,2.85,2.85,2.85,2.85,1100,0.03,2,1100,100.00
ASHIMASYN,EQ,24-Dec-2013,2.85,2.95,2.95,2.95,2.95,2.95,2.95,2266,0.07,7,2233,98.54
ASHIMASYN,EQ,27-Dec-2013,2.95,2.90,3.05,2.90,3.05,3.05,2.94,4000,0.12,5,4000,100.00
ASHIMASYN,EQ,30-Dec-2013,3.05,3.10,3.10,3.10,3.10,3.10,3.10,4500,0.14,2,4500,100.00
ASHIMASYN,EQ,31-Dec-2013,3.10,3.25,3.25,3.25,3.25,3.25,3.25,476,0.02,2,476,100.00
Symbol,Series,Date,Prev Close,Open Price,High Price,Low Price,Last Price,Close Price,Average Price,Total Traded Quantity,Turnover in Lacs,No. of Trades,Deliverable Qty,% Dly Qt to Traded Qty
ASHIMASYN,EQ,01-Jan-2014,3.25,3.25,3.25,3.25,3.25,3.25,3.25,300,0.01,2,300,100.00
ASHIMASYN,EQ,02-Jan-2014,3.25,3.25,3.25,3.25,3.25,3.25,3.25,442,0.01,1,442,100.00
ASHIMASYN,EQ,03-Jan-2014,3.25,3.25,3.35,3.25,3.35,3.35,3.30,200,0.01,2,100,50.00
ASHIMASYN,EQ,06-Jan-2014,3.35,3.40,3.40,3.40,3.40,3.40,3.40,200,0.01,2,200,100.00
ASHIMASYN,EQ,07-Jan-2014,3.40,3.55,3.55,3.55,3.55,3.55,3.55,100,0.00,2,100,100.00
ASHIMASYN,EQ,09-Jan-2014,3.55,3.50,3.70,3.50,3.70,3.70,3.70,1010,0.04,3,1010,100.00
ASHIMASYN,EQ,10-Jan-2014,3.70,3.85,3.85,3.85,3.85,3.85,3.85,100,0.00,1,100,100.00
ASHIMASYN,EQ,13-Jan-2014,3.85,3.75,3.80,3.75,3.80,3.80,3.76,1245,0.05,2,1245,100.00
ASHIMASYN,EQ,14-Jan-2014,3.80,3.95,3.95,3.80,3.80,3.95,3.95,10301,0.41,11,10300,99.99
ASHIMASYN,EQ,15-Jan-2014,3.95,3.80,4.05,3.80,4.05,4.00,3.93,690,0.03,6,390,56.52
ASHIMASYN,EQ,16-Jan-2014,4.00,3.85,4.10,3.80,3.80,3.80,3.95,2649,0.10,10,1939,73.20
ASHIMASYN,BE,17-Jan-2014,3.80,3.80,3.80,3.80,3.80,3.80,3.80,887,0.03,2,-,-
ASHIMASYN,BE,20-Jan-2014,3.80,3.65,3.65,3.65,3.65,3.65,3.65,679,0.02,4,-,-
ASHIMASYN,BE,21-Jan-2014,3.65,3.50,3.50,3.50,3.50,3.50,3.50,813,0.03,3,-,-
ASHIMASYN,BE,23-Jan-2014,3.50,3.40,3.45,3.40,3.45,3.45,3.41,2044,0.07,4,-,-
ASHIMASYN,BE,24-Jan-2014,3.45,3.50,3.50,3.50,3.50,3.50,3.50,573,0.02,2,-,-
ASHIMASYN,BE,27-Jan-2014,3.50,3.35,3.35,3.35,3.35,3.35,3.35,500,0.02,1,-,-
ASHIMASYN,BE,04-Feb-2014,3.35,3.45,3.45,3.45,3.45,3.45,3.45,2500,0.09,2,-,-
ASHIMASYN,BE,06-Feb-2014,3.45,3.45,3.45,3.45,3.45,3.45,3.45,300,0.01,1,-,-
ASHIMASYN,BE,07-Feb-2014,3.45,3.45,3.45,3.35,3.35,3.35,3.43,1626,0.06,6,-,-
ASHIMASYN,BE,10-Feb-2014,3.35,3.35,3.35,3.20,3.20,3.20,3.33,1800,0.06,4,-,-
ASHIMASYN,BE,11-Feb-2014,3.20,3.05,3.05,3.05,3.05,3.05,3.05,2500,0.08,3,-,-
ASHIMASYN,BE,13-Feb-2014,3.05,3.00,3.00,3.00,3.00,3.00,3.00,12,0.00,1,-,-
ASHIMASYN,BE,14-Feb-2014,3.00,3.00,3.00,3.00,3.00,3.00,3.00,153,0.00,3,-,-
ASHIMASYN,BE,17-Feb-2014,3.00,2.95,2.95,2.95,2.95,2.95,2.95,150,0.00,1,-,-
ASHIMASYN,BE,18-Feb-2014,2.95,2.90,2.90,2.85,2.85,2.85,2.86,400,0.01,3,-,-
ASHIMASYN,BE,19-Feb-2014,2.85,2.85,2.95,2.80,2.80,2.80,2.92,246,0.01,3,-,-
ASHIMASYN,BE,20-Feb-2014,2.80,2.75,2.75,2.75,2.75,2.75,2.75,100,0.00,1,-,-
ASHIMASYN,BE,21-Feb-2014,2.75,2.80,2.80,2.80,2.80,2.80,2.80,418,0.01,3,-,-
ASHIMASYN,BE,24-Feb-2014,2.80,2.75,2.75,2.75,2.75,2.75,2.75,700,0.02,4,-,-
ASHIMASYN,BE,26-Feb-2014,2.75,2.85,2.85,2.85,2.85,2.85,2.85,850,0.02,2,-,-
ASHIMASYN,BE,28-Feb-2014,2.85,2.85,2.85,2.75,2.75,2.75,2.80,414,0.01,3,-,-
ASHIMASYN,EQ,03-Mar-2014,2.75,2.85,2.85,2.85,2.85,2.85,2.85,3500,0.10,6,3500,100.00
ASHIMASYN,EQ,04-Mar-2014,2.85,2.90,2.95,2.75,2.95,2.95,2.92,10040,0.29,13,9120,90.84
ASHIMASYN,EQ,05-Mar-2014,2.95,2.85,2.95,2.85,2.95,2.95,2.88,1600,0.05,5,700,43.75
ASHIMASYN,EQ,06-Mar-2014,2.95,3.05,3.05,2.85,2.85,2.85,2.95,2000,0.06,2,1000,50.00
ASHIMASYN,EQ,07-Mar-2014,2.85,2.65,3.10,2.65,3.10,3.10,2.94,3150,0.09,12,3050,96.83
ASHIMASYN,EQ,10-Mar-2014,3.10,2.85,3.40,2.85,3.10,3.25,3.17,4462,0.14,30,3226,72.30
ASHIMASYN,EQ,11-Mar-2014,3.25,3.05,3.35,3.00,3.30,3.25,3.04,1458,0.04,15,1372,94.10
ASHIMASYN,EQ,12-Mar-2014,3.25,3.00,3.25,3.00,3.00,3.00,3.04,3007,0.09,10,3007,100.00
ASHIMASYN,EQ,13-Mar-2014,3.00,3.00,3.25,3.00,3.00,3.00,3.11,7503,0.23,16,5202,69.33
ASHIMASYN,EQ,14-Mar-2014,3.00,3.00,3.25,3.00,3.05,3.05,3.05,517,0.02,9,476,92.07
ASHIMASYN,EQ,18-Mar-2014,3.05,3.05,3.05,2.80,2.80,2.80,3.01,4896,0.15,6,4896,100.00
ASHIMASYN,EQ,19-Mar-2014,2.80,2.75,3.05,2.70,3.00,3.00,2.84,21236,0.60,34,14853,69.94
ASHIMASYN,EQ,20-Mar-2014,3.00,2.70,3.30,2.70,3.30,3.30,3.12,8845,0.28,22,6104,69.01
ASHIMASYN,EQ,21-Mar-2014,3.30,3.05,3.50,3.05,3.30,3.30,3.34,16568,0.55,41,10103,60.98
ASHIMASYN,EQ,24-Mar-2014,3.30,3.10,3.20,3.00,3.00,3.00,3.06,33105,1.01,29,31105,93.96
ASHIMASYN,EQ,25-Mar-2014,3.00,3.00,3.30,2.80,3.00,3.00,3.15,23403,0.74,30,17103,73.08
ASHIMASYN,EQ,26-Mar-2014,3.00,2.85,3.20,2.85,2.95,2.85,2.96,11943,0.35,21,8180,68.49
ASHIMASYN,EQ,27-Mar-2014,2.85,3.00,3.10,2.75,3.00,3.00,2.98,14900,0.44,22,12225,82.05
ASHIMASYN,EQ,28-Mar-2014,3.00,2.90,3.25,2.90,3.25,3.20,3.15,13326,0.42,29,8750,65.66
ASHIMASYN,EQ,31-Mar-2014,3.20,3.20,3.35,3.05,3.10,3.10,3.17,4100,0.13,20,2500,60.98
ASHIMASYN,EQ,01-Apr-2014,3.10,2.95,3.30,2.95,3.30,3.30,3.19,3180,0.10,10,1760,55.35
ASHIMASYN,EQ,02-Apr-2014,3.30,3.15,3.40,3.15,3.35,3.35,3.18,1703,0.05,20,1502,88.20
ASHIMASYN,EQ,03-Apr-2014,3.35,3.15,3.15,3.15,3.15,3.15,3.15,1822,0.06,11,1797,98.63
ASHIMASYN,EQ,04-Apr-2014,3.15,3.05,3.40,3.00,3.40,3.35,3.26,4438,0.14,16,3500,78.86
ASHIMASYN,EQ,07-Apr-2014,3.35,3.25,3.25,3.25,3.25,3.25,3.25,1025,0.03,5,1025,100.00
ASHIMASYN,EQ,09-Apr-2014,3.25,3.20,3.40,3.20,3.30,3.30,3.34,1025,0.03,5,1025,100.00
ASHIMASYN,EQ,10-Apr-2014,3.30,3.45,3.60,3.45,3.60,3.60,3.52,7000,0.25,9,6000,85.71
ASHIMASYN,EQ,11-Apr-2014,3.60,3.65,3.65,3.25,3.25,3.30,3.46,4973,0.17,14,3173,63.80
ASHIMASYN,EQ,15-Apr-2014,3.30,3.25,3.35,3.25,3.30,3.30,3.34,702,0.02,4,602,85.75
ASHIMASYN,EQ,16-Apr-2014,3.30,3.50,3.55,3.45,3.45,3.45,3.52,2202,0.08,8,1502,68.21
ASHIMASYN,EQ,17-Apr-2014,3.45,3.45,3.75,3.45,3.75,3.75,3.63,3850,0.14,9,3550,92.21
ASHIMASYN,EQ,21-Apr-2014,3.75,4.10,4.10,3.80,4.10,4.10,3.88,6710,0.26,10,6210,92.55
ASHIMASYN,EQ,22-Apr-2014,4.10,4.00,4.10,3.90,4.10,4.00,4.03,8992,0.36,13,8200,91.19
ASHIMASYN,EQ,23-Apr-2014,4.00,3.85,4.05,3.85,3.90,3.90,3.98,3600,0.14,6,3100,86.11
ASHIMASYN,EQ,25-Apr-2014,3.90,3.90,4.05,3.90,3.90,3.90,4.02,4530,0.18,9,4530,100.00
ASHIMASYN,BE,28-Apr-2014,3.90,3.90,3.90,3.75,3.75,3.75,3.85,1311,0.05,4,-,-
ASHIMASYN,BE,29-Apr-2014,3.75,3.60,3.60,3.60,3.60,3.60,3.60,5100,0.18,9,-,-
ASHIMASYN,BE,30-Apr-2014,3.60,3.50,3.50,3.45,3.45,3.45,3.48,2996,0.10,2,-,-
ASHIMASYN,BE,02-May-2014,3.45,3.35,3.35,3.35,3.35,3.35,3.35,5,0.00,1,-,-
ASHIMASYN,BE,05-May-2014,3.35,3.35,3.40,3.30,3.40,3.40,3.33,1025,0.03,3,-,-
ASHIMASYN,BE,06-May-2014,3.40,3.35,3.35,3.35,3.35,3.35,3.35,1000,0.03,1,-,-
ASHIMASYN,BE,08-May-2014,3.35,3.50,3.50,3.50,3.50,3.50,3.50,100,0.00,1,-,-
ASHIMASYN,BE,09-May-2014,3.50,3.45,3.50,3.45,3.50,3.50,3.46,1000,0.03,2,-,-
ASHIMASYN,BE,12-May-2014,3.50,3.50,3.50,3.50,3.50,3.50,3.50,2790,0.10,10,-,-
ASHIMASYN,BE,13-May-2014,3.50,3.40,3.65,3.40,3.65,3.65,3.61,11076,0.40,19,-,-
ASHIMASYN,BE,14-May-2014,3.65,3.80,3.80,3.50,3.50,3.50,3.78,19899,0.75,13,-,-
ASHIMASYN,BE,15-May-2014,3.50,3.40,3.65,3.35,3.65,3.65,3.51,10950,0.38,16,-,-
ASHIMASYN,BE,16-May-2014,3.65,3.50,3.80,3.50,3.70,3.70,3.71,6015,0.22,12,-,-
ASHIMASYN,BE,19-May-2014,3.70,3.80,3.85,3.80,3.85,3.85,3.85,4340,0.17,5,-,-
ASHIMASYN,BE,20-May-2014,3.85,4.00,4.00,4.00,4.00,4.00,4.00,3024,0.12,9,-,-
ASHIMASYN,BE,21-May-2014,4.00,4.10,4.20,3.95,4.05,4.05,4.03,5706,0.23,9,-,-
ASHIMASYN,BE,22-May-2014,4.05,4.20,4.25,4.20,4.25,4.25,4.24,4000,0.17,3,-,-
ASHIMASYN,BE,23-May-2014,4.25,4.40,4.45,4.40,4.45,4.45,4.45,12457,0.55,16,-,-
ASHIMASYN,BE,26-May-2014,4.45,4.65,4.65,4.65,4.65,4.65,4.65,5500,0.26,12,-,-
ASHIMASYN,BE,27-May-2014,4.65,4.85,4.85,4.85,4.85,4.85,4.85,15247,0.74,20,-,-
ASHIMASYN,BE,28-May-2014,4.85,5.05,5.05,5.05,5.05,5.05,5.05,5152,0.26,10,-,-
ASHIMASYN,BE,29-May-2014,5.05,5.30,5.30,5.10,5.30,5.25,5.30,16923,0.90,13,-,-
ASHIMASYN,BE,30-May-2014,5.25,5.50,5.50,5.25,5.50,5.50,5.47,22070,1.21,21,-,-
ASHIMASYN,BE,02-Jun-2014,5.50,5.55,5.75,5.25,5.25,5.70,5.63,7269,0.41,18,-,-
ASHIMASYN,BE,03-Jun-2014,5.70,5.95,5.95,5.95,5.95,5.95,5.95,3075,0.18,8,-,-
ASHIMASYN,BE,04-Jun-2014,5.95,6.20,6.20,5.70,6.20,6.20,5.98,24762,1.48,36,-,-
ASHIMASYN,BE,05-Jun-2014,6.20,6.50,6.50,6.50,6.50,6.50,6.50,14534,0.94,19,-,-
ASHIMASYN,BE,06-Jun-2014,6.50,6.80,6.80,6.80,6.80,6.80,6.80,2100,0.14,5,-,-
ASHIMASYN,BE,09-Jun-2014,6.80,7.10,7.10,7.10,7.10,7.10,7.10,8652,0.61,13,-,-
ASHIMASYN,BE,10-Jun-2014,7.10,7.45,7.45,7.45,7.45,7.45,7.45,16473,1.23,14,-,-
ASHIMASYN,BE,11-Jun-2014,7.45,7.80,7.80,7.30,7.80,7.50,7.72,47284,3.65,88,-,-
ASHIMASYN,BE,12-Jun-2014,7.50,7.60,7.85,7.20,7.75,7.75,7.71,37880,2.92,46,-,-
ASHIMASYN,BE,13-Jun-2014,7.75,7.50,7.50,7.40,7.40,7.40,7.40,10842,0.80,13,-,-
ASHIMASYN,BE,16-Jun-2014,7.40,7.05,7.10,7.05,7.10,7.10,7.06,10501,0.74,15,-,-
ASHIMASYN,BE,17-Jun-2014,7.10,6.75,6.75,6.75,6.75,6.75,6.75,1250,0.08,4,-,-
ASHIMASYN,BE,18-Jun-2014,6.75,6.45,6.45,6.45,6.45,6.45,6.45,3967,0.26,11,-,-
ASHIMASYN,BE,19-Jun-2014,6.45,6.30,6.50,6.30,6.40,6.40,6.39,14329,0.92,22,-,-
ASHIMASYN,BE,20-Jun-2014,6.40,6.50,6.70,6.50,6.70,6.60,6.58,2030,0.13,8,-,-
ASHIMASYN,BE,23-Jun-2014,6.60,6.85,6.90,6.45,6.90,6.90,6.90,7780,0.54,21,-,-
ASHIMASYN,BE,24-Jun-2014,6.90,7.20,7.20,7.20,7.20,7.20,7.20,8793,0.63,9,-,-
ASHIMASYN,BE,25-Jun-2014,7.20,7.55,7.55,7.55,7.55,7.55,7.55,1902,0.14,5,-,-
ASHIMASYN,BE,26-Jun-2014,7.55,7.90,7.90,7.60,7.90,7.90,7.90,16502,1.30,40,-,-
ASHIMASYN,BE,27-Jun-2014,7.90,8.00,8.25,7.65,8.25,8.25,8.07,24093,1.94,51,-,-
ASHIMASYN,BE,30-Jun-2014,8.25,8.00,8.65,7.90,8.15,8.15,8.36,15148,1.27,41,-,-
ASHIMASYN,BE,01-Jul-2014,8.15,8.55,8.55,7.75,8.20,8.00,7.86,23176,1.82,49,-,-
ASHIMASYN,BE,02-Jul-2014,8.00,7.60,8.30,7.60,7.60,7.60,7.79,26056,2.03,35,-,-
ASHIMASYN,BE,03-Jul-2014,7.60,7.65,7.65,7.25,7.65,7.50,7.41,9600,0.71,21,-,-
ASHIMASYN,BE,04-Jul-2014,7.50,7.50,7.60,7.20,7.50,7.50,7.44,15589,1.16,22,-,-
ASHIMASYN,BE,07-Jul-2014,7.50,7.50,7.85,7.50,7.85,7.85,7.69,9745,0.75,23,-,-
ASHIMASYN,BE,08-Jul-2014,7.85,7.95,8.20,7.50,7.85,7.85,8.00,23638,1.89,61,-,-
ASHIMASYN,BE,09-Jul-2014,7.85,8.00,8.00,7.50,8.00,7.95,7.84,21208,1.66,28,-,-
ASHIMASYN,BE,10-Jul-2014,7.95,7.65,7.85,7.60,7.85,7.85,7.63,2201,0.17,6,-,-
ASHIMASYN,BE,11-Jul-2014,7.85,7.85,7.95,7.50,7.65,7.70,7.63,33895,2.59,28,-,-
ASHIMASYN,BE,14-Jul-2014,7.70,7.60,7.60,7.35,7.35,7.35,7.44,8430,0.63,13,-,-
ASHIMASYN,BE,15-Jul-2014,7.35,7.05,7.20,7.00,7.20,7.20,7.07,12964,0.92,16,-,-
ASHIMASYN,BE,16-Jul-2014,7.20,7.00,7.40,7.00,7.40,7.25,7.07,5500,0.39,9,-,-
ASHIMASYN,BE,17-Jul-2014,7.25,7.00,7.40,6.90,7.10,7.10,7.00,11153,0.78,8,-,-
ASHIMASYN,BE,18-Jul-2014,7.10,6.80,7.00,6.80,7.00,7.00,6.89,3630,0.25,4,-,-
ASHIMASYN,BE,21-Jul-2014,7.00,7.35,7.35,7.35,7.35,7.35,7.35,100,0.01,2,-,-
ASHIMASYN,BE,22-Jul-2014,7.35,7.50,7.70,7.50,7.70,7.70,7.59,18150,1.38,9,-,-
ASHIMASYN,BE,23-Jul-2014,7.70,8.05,8.05,8.00,8.00,8.00,8.03,43407,3.49,33,-,-
ASHIMASYN,BE,24-Jul-2014,8.00,8.10,8.40,8.10,8.40,8.40,8.39,26446,2.22,59,-,-
ASHIMASYN,BE,25-Jul-2014,8.40,8.00,8.80,8.00,8.80,8.80,8.80,9305,0.82,22,-,-
ASHIMASYN,BE,28-Jul-2014,8.80,9.20,9.20,9.20,9.20,9.20,9.20,23645,2.18,25,-,-
ASHIMASYN,BE,30-Jul-2014,9.20,9.65,9.65,9.30,9.65,9.65,9.59,14008,1.34,24,-,-
ASHIMASYN,BE,31-Jul-2014,9.65,10.05,10.10,10.05,10.10,10.10,10.09,12097,1.22,15,-,-
ASHIMASYN,BE,01-Aug-2014,10.10,10.60,10.60,10.00,10.00,10.00,10.40,48168,5.01,76,-,-
ASHIMASYN,BE,04-Aug-2014,10.00,10.05,10.05,9.50,9.50,9.50,9.60,9067,0.87,25,-,-
ASHIMASYN,BE,05-Aug-2014,9.50,9.05,9.05,9.05,9.05,9.05,9.05,2020,0.18,7,-,-
ASHIMASYN,EQ,06-Aug-2014,9.05,9.05,9.35,8.65,9.00,9.00,8.84,13995,1.24,21,13994,99.99
ASHIMASYN,EQ,07-Aug-2014,9.00,9.00,9.00,8.55,8.55,8.55,8.66,3100,0.27,6,3100,100.00
ASHIMASYN,EQ,08-Aug-2014,8.55,8.15,8.15,8.15,8.15,8.15,8.15,3600,0.29,4,3600,100.00
ASHIMASYN,EQ,11-Aug-2014,8.15,7.75,8.55,7.75,8.40,8.10,8.37,16073,1.34,44,12043,74.93
ASHIMASYN,EQ,12-Aug-2014,8.10,8.30,8.50,7.75,7.75,7.75,7.96,7793,0.62,28,6384,81.92
ASHIMASYN,EQ,13-Aug-2014,7.75,8.10,8.10,7.70,8.10,8.10,7.99,9100,0.73,26,5698,62.62
ASHIMASYN,EQ,14-Aug-2014,8.10,8.45,8.50,7.95,8.50,8.50,8.49,11517,0.98,58,7200,62.52
ASHIMASYN,EQ,18-Aug-2014,8.50,8.90,8.90,8.50,8.90,8.90,8.86,11315,1.00,33,9313,82.31
ASHIMASYN,EQ,19-Aug-2014,8.90,9.30,9.30,8.70,9.25,9.25,8.99,23011,2.07,47,16867,73.30
ASHIMASYN,EQ,20-Aug-2014,9.25,9.55,9.70,9.45,9.70,9.70,9.68,16877,1.63,32,14007,82.99
ASHIMASYN,EQ,21-Aug-2014,9.70,10.15,10.15,9.80,10.15,10.15,10.14,42470,4.30,86,32672,76.93
ASHIMASYN,EQ,22-Aug-2014,10.15,10.50,10.60,9.85,10.50,10.45,10.35,25121,2.60,80,15730,62.62
ASHIMASYN,EQ,25-Aug-2014,10.45,10.25,10.85,9.95,9.95,9.95,10.39,18759,1.95,65,12409,66.15
ASHIMASYN,EQ,26-Aug-2014,9.95,10.30,10.30,9.50,9.50,9.50,9.66,10010,0.97,29,7150,71.43
ASHIMASYN,EQ,27-Aug-2014,9.50,9.15,9.20,9.15,9.20,9.20,9.19,4000,0.37,5,4000,100.00
ASHIMASYN,EQ,28-Aug-2014,9.20,9.00,9.50,8.75,8.75,8.75,9.16,8660,0.79,46,6283,72.55
ASHIMASYN,EQ,01-Sep-2014,8.75,8.50,9.15,8.45,9.15,9.10,8.85,20033,1.77,50,17218,85.95
ASHIMASYN,EQ,02-Sep-2014,9.10,9.50,9.55,9.50,9.50,9.50,9.53,3250,0.31,10,2750,84.62
ASHIMASYN,EQ,03-Sep-2014,9.50,9.50,9.80,9.20,9.30,9.35,9.44,19125,1.80,61,14864,77.72
ASHIMASYN,EQ,04-Sep-2014,9.35,8.95,9.60,8.95,9.50,9.20,9.26,5703,0.53,31,4764,83.53
ASHIMASYN,EQ,05-Sep-2014,9.20,9.30,9.30,9.00,9.00,9.00,9.10,717,0.07,5,617,86.05
ASHIMASYN,EQ,08-Sep-2014,9.00,9.70,9.90,9.25,9.90,9.85,9.74,21877,2.13,37,17879,81.73
ASHIMASYN,EQ,09-Sep-2014,9.85,10.80,10.80,10.55,10.80,10.80,10.79,61570,6.64,156,23075,37.48
ASHIMASYN,EQ,10-Sep-2014,10.80,11.85,11.85,10.00,10.80,10.95,10.94,54231,5.93,168,33666,62.08
ASHIMASYN,EQ,11-Sep-2014,10.95,11.00,11.00,10.55,10.85,10.85,10.72,12985,1.39,45,10394,80.05
ASHIMASYN,EQ,12-Sep-2014,10.85,10.05,11.30,9.80,10.55,10.70,10.76,22231,2.39,73,14879,66.93
ASHIMASYN,EQ,15-Sep-2014,10.70,10.15,11.00,10.00,10.40,10.25,10.27,47018,4.83,174,30629,65.14
ASHIMASYN,EQ,16-Sep-2014,10.25,10.10,10.35,9.25,9.40,9.25,9.44,44648,4.22,105,40428,90.55
ASHIMASYN,EQ,17-Sep-2014,9.25,9.40,9.90,9.00,9.35,9.70,9.45,9886,0.93,56,8174,82.68
ASHIMASYN,EQ,18-Sep-2014,9.70,9.20,9.80,9.20,9.80,9.80,9.53,7740,0.74,27,6440,83.20
ASHIMASYN,EQ,19-Sep-2014,9.80,9.15,9.70,9.15,9.30,9.30,9.44,3354,0.32,19,2115,63.06
ASHIMASYN,EQ,22-Sep-2014,9.30,9.20,9.20,8.90,9.00,9.00,9.07,6105,0.55,16,5115,83.78
ASHIMASYN,EQ,23-Sep-2014,9.00,9.35,9.35,8.60,8.75,8.75,8.84,14091,1.25,35,12445,88.32
ASHIMASYN,EQ,24-Sep-2014,8.75,8.40,9.00,8.40,8.80,8.80,8.68,4590,0.40,14,3670,79.96
ASHIMASYN,EQ,25-Sep-2014,8.80,8.50,8.80,8.50,8.50,8.50,8.55,7888,0.67,26,7868,99.75
ASHIMASYN,EQ,26-Sep-2014,8.50,8.00,9.30,8.00,8.90,8.95,8.84,13301,1.18,36,10582,79.56
ASHIMASYN,EQ,29-Sep-2014,8.95,9.50,9.50,8.75,9.00,8.80,8.93,12508,1.12,50,8891,71.08
ASHIMASYN,EQ,30-Sep-2014,8.80,9.00,9.00,8.80,9.00,8.80,8.94,2284,0.20,12,2250,98.51
ASHIMASYN,EQ,01-Oct-2014,8.80,8.40,8.40,8.40,8.40,8.40,8.40,1,0.00,1,1,100.00
ASHIMASYN,EQ,07-Oct-2014,8.40,8.50,8.50,8.25,8.25,8.25,8.46,3000,0.25,12,2800,93.33
ASHIMASYN,EQ,08-Oct-2014,8.25,8.25,8.25,8.00,8.10,8.10,8.05,3560,0.29,8,3560,100.00
ASHIMASYN,EQ,09-Oct-2014,8.10,8.15,8.95,8.15,8.35,8.35,8.51,5160,0.44,25,1580,30.62
ASHIMASYN,EQ,10-Oct-2014,8.35,7.80,9.00,7.50,8.15,8.65,8.54,4455,0.38,29,2801,62.87
ASHIMASYN,EQ,13-Oct-2014,8.65,8.85,9.80,8.35,9.00,9.00,9.21,12612,1.16,38,8367,66.34
ASHIMASYN,EQ,14-Oct-2014,9.00,9.40,10.00,9.35,9.60,9.35,9.64,13032,1.26,54,10418,79.94
ASHIMASYN,EQ,16-Oct-2014,9.35,9.75,10.40,9.55,9.55,9.55,9.76,10977,1.07,35,5425,49.42
ASHIMASYN,EQ,17-Oct-2014,9.55,9.00,10.00,8.70,8.75,9.50,9.42,15242,1.44,72,11678,76.62
ASHIMASYN,EQ,20-Oct-2014,9.50,9.90,9.90,8.40,8.40,8.75,9.01,8564,0.77,51,6889,80.44
ASHIMASYN,EQ,21-Oct-2014,8.75,8.25,9.45,8.25,8.75,8.75,8.59,5826,0.50,14,5776,99.14
ASHIMASYN,EQ,22-Oct-2014,8.75,8.50,8.95,8.15,8.55,8.50,8.45,16627,1.40,27,11807,71.01
ASHIMASYN,EQ,23-Oct-2014,8.50,8.40,8.40,8.25,8.25,8.25,8.25,101,0.01,3,100,99.01
ASHIMASYN,EQ,27-Oct-2014,8.25,9.00,9.00,8.25,8.95,8.95,8.68,22908,1.99,25,12106,52.85
ASHIMASYN,EQ,28-Oct-2014,8.95,8.25,8.85,8.25,8.65,8.65,8.55,11975,1.02,37,6225,51.98
ASHIMASYN,EQ,29-Oct-2014,8.65,9.00,9.20,8.90,9.00,9.00,9.01,3459,0.31,14,3458,99.97
ASHIMASYN,EQ,30-Oct-2014,9.00,9.20,9.30,8.95,9.10,9.10,9.18,7914,0.73,19,7414,93.68
ASHIMASYN,EQ,31-Oct-2014,9.10,8.85,9.00,8.85,9.00,9.00,8.98,699,0.06,3,599,85.69
ASHIMASYN,EQ,03-Nov-2014,9.00,9.10,9.50,9.10,9.50,9.15,9.31,1450,0.14,9,950,65.52
ASHIMASYN,EQ,05-Nov-2014,9.15,9.50,9.65,9.00,9.00,9.00,9.38,16759,1.57,41,12733,75.98
ASHIMASYN,EQ,07-Nov-2014,9.00,8.10,9.45,8.10,9.10,9.10,9.10,8976,0.82,31,5575,62.11
ASHIMASYN,EQ,10-Nov-2014,9.10,8.70,9.10,8.50,9.10,9.10,8.86,9570,0.85,36,8057,84.19
ASHIMASYN,EQ,11-Nov-2014,9.10,9.00,9.10,8.80,9.10,9.05,9.02,8625,0.78,17,8125,94.20
ASHIMASYN,EQ,12-Nov-2014,9.05,9.05,9.30,9.00,9.00,9.00,9.06,3100,0.28,12,2500,80.65
ASHIMASYN,EQ,13-Nov-2014,9.00,9.05,9.05,8.00,8.70,8.40,8.49,56694,4.82,108,43893,77.42
ASHIMASYN,EQ,14-Nov-2014,8.40,8.80,9.00,8.35,8.50,8.50,8.56,5746,0.49,17,4700,81.80
ASHIMASYN,EQ,17-Nov-2014,8.50,8.40,8.90,8.00,8.40,8.35,8.29,17392,1.44,44,10736,61.73
ASHIMASYN,EQ,18-Nov-2014,8.35,8.20,8.20,7.20,7.80,7.65,7.90,4082,0.32,42,3270,80.11
ASHIMASYN,EQ,19-Nov-2014,7.65,7.40,8.50,7.30,7.60,7.60,7.57,5542,0.42,38,5112,92.24
ASHIMASYN,EQ,20-Nov-2014,7.60,8.00,8.00,7.30,7.85,7.80,7.55,8701,0.66,21,7901,90.81
ASHIMASYN,EQ,21-Nov-2014,7.80,7.35,9.20,7.05,7.35,7.35,7.70,4656,0.36,28,3602,77.36
ASHIMASYN,EQ,24-Nov-2014,7.35,7.20,7.80,7.20,7.50,7.50,7.64,6748,0.52,16,5248,77.77
ASHIMASYN,EQ,25-Nov-2014,7.50,7.80,7.80,7.40,7.40,7.40,7.61,7062,0.54,23,6076,86.04
ASHIMASYN,EQ,26-Nov-2014,7.40,7.40,8.30,7.40,8.30,8.30,7.88,5369,0.42,31,4266,79.46
ASHIMASYN,EQ,27-Nov-2014,8.30,8.95,9.85,8.80,9.75,9.55,9.18,31123,2.86,108,20859,67.02
ASHIMASYN,EQ,28-Nov-2014,9.55,9.60,10.00,9.00,9.20,9.00,9.28,15065,1.40,78,10958,72.74
ASHIMASYN,EQ,01-Dec-2014,9.00,9.20,9.25,8.90,9.00,9.00,8.97,15828,1.42,30,15638,98.80
ASHIMASYN,EQ,02-Dec-2014,9.00,9.00,9.00,8.30,8.90,8.85,8.72,12307,1.07,28,10901,88.58
ASHIMASYN,EQ,03-Dec-2014,8.85,8.30,8.90,7.65,8.45,8.40,8.40,20998,1.76,75,14180,67.53
ASHIMASYN,EQ,04-Dec-2014,8.40,9.00,9.00,8.20,8.55,8.50,8.50,4339,0.37,27,4089,94.24
ASHIMASYN,EQ,05-Dec-2014,8.50,9.00,9.00,8.15,8.15,8.15,8.38,4821,0.40,18,3196,66.29
ASHIMASYN,EQ,08-Dec-2014,8.15,8.85,8.85,8.15,8.65,8.65,8.37,802,0.07,7,801,99.88
ASHIMASYN,EQ,09-Dec-2014,8.65,8.45,8.45,8.00,8.40,8.40,8.17,4358,0.36,15,3906,89.63
ASHIMASYN,EQ,10-Dec-2014,8.40,8.10,8.30,7.95,8.25,8.25,8.12,15230,1.24,45,11761,77.22
ASHIMASYN,EQ,11-Dec-2014,8.25,8.60,8.60,7.80,8.00,8.00,8.02,5324,0.43,17,4580,86.03
ASHIMASYN,EQ,12-Dec-2014,8.00,7.85,8.30,7.50,7.80,7.55,7.82,10637,0.83,55,10127,95.21
ASHIMASYN,EQ,15-Dec-2014,7.55,7.10,7.90,6.20,7.65,7.65,7.19,12941,0.93,55,8045,62.17
ASHIMASYN,EQ,16-Dec-2014,7.65,9.00,9.00,7.15,7.15,7.20,7.51,14653,1.10,47,11940,81.49
ASHIMASYN,EQ,17-Dec-2014,7.20,7.10,7.50,7.00,7.10,7.10,7.25,16559,1.20,59,14405,86.99
ASHIMASYN,EQ,18-Dec-2014,7.10,7.80,8.40,7.50,7.60,7.60,7.72,3618,0.28,28,3250,89.83
ASHIMASYN,EQ,19-Dec-2014,7.60,8.30,8.30,7.30,7.75,7.75,7.95,2605,0.21,6,2605,100.00
ASHIMASYN,EQ,22-Dec-2014,7.75,8.00,8.10,7.50,7.90,7.90,7.96,2969,0.24,14,2967,99.93
ASHIMASYN,EQ,23-Dec-2014,7.90,8.00,9.00,7.60,8.65,8.60,8.73,23615,2.06,73,17686,74.89
ASHIMASYN,EQ,24-Dec-2014,8.60,8.30,8.70,8.30,8.70,8.70,8.67,3464,0.30,9,3458,99.83
ASHIMASYN,EQ,26-Dec-2014,8.70,8.90,9.10,8.55,8.55,8.70,8.95,23583,2.11,60,20050,85.02
ASHIMASYN,EQ,29-Dec-2014,8.70,8.95,8.95,8.50,8.50,8.60,8.59,3426,0.29,15,3050,89.03
ASHIMASYN,EQ,30-Dec-2014,8.60,7.65,9.00,7.65,8.15,8.10,8.18,11020,0.90,44,8615,78.18
ASHIMASYN,EQ,31-Dec-2014,8.10,7.95,9.70,7.85,9.70,9.45,9.12,34087,3.11,131,31058,91.11
Symbol,Series,Date,Prev Close,Open Price,High Price,Low Price,Last Price,Close Price,Average Price,Total Traded Quantity,Turnover in Lacs,No. of Trades,Deliverable Qty,% Dly Qt to Traded Qty
ASHIMASYN,EQ,01-Jan-2015,9.45,9.90,11.30,9.90,11.30,11.30,11.11,88983,9.89,345,52809,59.35
ASHIMASYN,EQ,02-Jan-2015,11.30,12.45,12.80,11.15,11.75,11.70,11.97,145573,17.43,484,90246,61.99
ASHIMASYN,EQ,05-Jan-2015,11.70,11.00,12.60,11.00,11.40,11.35,11.60,35507,4.12,222,30141,84.89
ASHIMASYN,EQ,06-Jan-2015,11.35,11.00,11.45,10.05,10.50,10.50,10.73,42338,4.54,144,29582,69.87
ASHIMASYN,EQ,07-Jan-2015,10.50,10.50,11.10,10.35,11.00,10.95,10.67,54325,5.79,93,52328,96.32
ASHIMASYN,EQ,08-Jan-2015,10.95,11.70,11.70,10.80,11.15,10.85,11.14,34382,3.83,70,23355,67.93
ASHIMASYN,EQ,09-Jan-2015,10.85,11.00,11.00,10.35,10.45,10.45,10.61,20372,2.16,50,17454,85.68
ASHIMASYN,EQ,12-Jan-2015,10.45,11.55,11.55,10.10,10.90,10.85,10.69,37212,3.98,70,24471,65.76
ASHIMASYN,EQ,13-Jan-2015,10.85,10.00,10.95,10.00,10.55,10.85,10.53,44140,4.65,60,31585,71.56
ASHIMASYN,EQ,14-Jan-2015,10.85,10.25,10.45,9.50,10.10,10.10,10.09,20467,2.07,76,16516,80.70
ASHIMASYN,EQ,15-Jan-2015,10.10,10.90,10.95,10.05,10.50,10.50,10.50,29670,3.11,78,27880,93.97
ASHIMASYN,EQ,16-Jan-2015,10.50,10.25,11.40,10.20,11.05,11.05,10.75,36816,3.96,86,20755,56.37
ASHIMASYN,EQ,19-Jan-2015,11.05,11.00,11.50,10.80,10.90,10.90,11.21,9289,1.04,32,7447,80.17
ASHIMASYN,EQ,20-Jan-2015,10.90,10.80,11.20,10.30,10.60,10.40,10.58,41450,4.38,77,35541,85.74
ASHIMASYN,EQ,21-Jan-2015,10.40,10.85,10.85,10.20,10.25,10.25,10.39,5142,0.53,18,2704,52.59
ASHIMASYN,EQ,22-Jan-2015,10.25,10.05,10.20,9.65,10.15,9.95,9.97,11575,1.15,52,8572,74.06
ASHIMASYN,EQ,23-Jan-2015,9.95,10.05,10.05,8.90,9.35,9.30,9.37,33944,3.18,99,24004,70.72
ASHIMASYN,EQ,27-Jan-2015,9.30,9.25,9.35,9.00,9.00,9.00,9.07,25366,2.30,48,25254,99.56
ASHIMASYN,EQ,28-Jan-2015,9.00,9.30,9.40,9.00,9.00,9.00,9.26,9226,0.85,38,8626,93.50
ASHIMASYN,EQ,29-Jan-2015,9.00,9.05,9.30,9.05,9.30,9.25,9.25,5045,0.47,16,4800,95.14
ASHIMASYN,EQ,30-Jan-2015,9.25,9.05,9.05,8.30,8.80,8.75,8.53,21691,1.85,57,16659,76.80
ASHIMASYN,EQ,02-Feb-2015,8.75,9.95,9.95,8.25,9.30,8.90,8.89,4618,0.41,28,3713,80.40
ASHIMASYN,EQ,03-Feb-2015,8.90,9.00,9.25,8.50,8.85,8.85,8.92,8850,0.79,31,5307,59.97
ASHIMASYN,EQ,04-Feb-2015,8.85,9.30,9.30,8.95,8.95,9.00,9.28,9572,0.89,19,9000,94.02
ASHIMASYN,EQ,05-Feb-2015,9.00,8.80,9.95,8.80,9.00,8.80,8.87,16195,1.44,34,14635,90.37
ASHIMASYN,EQ,06-Feb-2015,8.80,9.50,9.50,8.35,8.90,8.70,8.55,20814,1.78,30,18099,86.96
ASHIMASYN,EQ,09-Feb-2015,8.70,8.00,9.10,8.00,8.55,8.35,8.48,9652,0.82,34,8705,90.19
ASHIMASYN,EQ,10-Feb-2015,8.35,9.20,9.20,8.25,8.70,8.55,8.51,4827,0.41,24,4128,85.52
ASHIMASYN,EQ,11-Feb-2015,8.55,8.35,8.85,8.30,8.50,8.45,8.39,1427,0.12,9,1077,75.47
ASHIMASYN,EQ,12-Feb-2015,8.45,8.75,10.10,8.45,9.80,10.00,9.22,35354,3.26,101,28200,79.76
ASHIMASYN,EQ,13-Feb-2015,10.00,10.05,10.60,9.60,10.60,10.55,10.17,24532,2.49,84,18194,74.16
ASHIMASYN,EQ,16-Feb-2015,10.55,10.75,10.75,9.65,9.95,9.90,10.14,11759,1.19,49,6917,58.82
ASHIMASYN,EQ,18-Feb-2015,9.90,9.90,9.90,9.50,9.50,9.55,9.76,7402,0.72,26,4966,67.09
ASHIMASYN,EQ,19-Feb-2015,9.55,9.50,9.50,9.35,9.40,9.40,9.44,2015,0.19,12,1914,94.99
ASHIMASYN,EQ,20-Feb-2015,9.40,9.90,10.00,9.50,9.60,9.60,9.71,7256,0.70,18,6395,88.13
ASHIMASYN,EQ,23-Feb-2015,9.60,9.40,9.90,8.90,9.15,9.15,9.55,15310,1.46,39,12051,78.71
ASHIMASYN,EQ,24-Feb-2015,9.15,9.00,9.25,8.80,9.25,8.95,8.97,19963,1.79,46,18537,92.86
ASHIMASYN,EQ,25-Feb-2015,8.95,8.95,9.80,8.75,9.00,9.00,9.04,8315,0.75,27,7530,90.56
ASHIMASYN,EQ,26-Feb-2015,9.00,8.80,9.00,8.50,8.80,8.80,8.61,16420,1.41,56,9433,57.45
ASHIMASYN,EQ,27-Feb-2015,8.80,8.55,10.00,8.55,10.00,10.00,9.79,32832,3.21,94,27843,84.80
ASHIMASYN,EQ,28-Feb-2015,10.00,10.00,10.25,9.15,9.45,9.45,9.96,8882,0.88,39,7241,81.52
ASHIMASYN,EQ,02-Mar-2015,9.45,9.15,9.25,9.00,9.25,9.25,9.03,1205,0.11,12,1200,99.59
ASHIMASYN,EQ,03-Mar-2015,9.25,9.00,9.80,8.70,9.15,9.05,9.13,6200,0.57,34,5064,81.68
ASHIMASYN,EQ,04-Mar-2015,9.05,9.15,9.70,8.75,9.10,9.35,9.32,45357,4.23,98,39511,87.11
ASHIMASYN,EQ,05-Mar-2015,9.35,9.15,9.90,9.00,9.30,9.45,9.32,18526,1.73,42,12212,65.92
ASHIMASYN,EQ,09-Mar-2015,9.45,9.20,11.25,9.20,10.00,10.15,10.49,88182,9.25,351,71136,80.67
ASHIMASYN,EQ,10-Mar-2015,10.15,11.35,11.35,9.70,9.95,9.75,10.00,9800,0.98,102,7874,80.35
ASHIMASYN,EQ,11-Mar-2015,9.75,9.60,9.75,8.65,8.95,8.85,9.11,18121,1.65,103,15782,87.09
ASHIMASYN,EQ,12-Mar-2015,8.85,9.55,9.60,8.75,8.80,9.05,8.92,13021,1.16,66,10916,83.83
ASHIMASYN,EQ,13-Mar-2015,9.05,9.90,9.90,8.80,8.95,8.95,9.10,1762,0.16,25,1415,80.31
ASHIMASYN,EQ,16-Mar-2015,8.95,8.80,10.00,8.20,8.80,8.95,9.14,7640,0.70,72,6237,81.64
ASHIMASYN,EQ,17-Mar-2015,8.95,8.80,9.50,8.70,9.00,8.95,9.00,5898,0.53,33,5601,94.96
ASHIMASYN,EQ,18-Mar-2015,8.95,10.20,10.20,8.35,9.00,8.75,9.95,28832,2.87,107,26878,93.22
ASHIMASYN,EQ,19-Mar-2015,8.75,8.70,9.45,8.55,9.00,8.75,8.82,7360,0.65,39,6144,83.48
ASHIMASYN,EQ,20-Mar-2015,8.75,8.55,8.90,8.35,8.35,8.35,8.54,6811,0.58,35,6791,99.71
ASHIMASYN,EQ,23-Mar-2015,8.35,8.95,8.95,8.20,8.30,8.30,8.30,84182,6.99,7,84159,99.97
ASHIMASYN,EQ,24-Mar-2015,8.30,7.80,9.30,7.80,8.20,8.20,8.28,16437,1.36,69,13592,82.69
ASHIMASYN,EQ,25-Mar-2015,8.20,8.05,8.45,7.95,8.05,8.15,8.13,3829,0.31,40,2549,66.57
ASHIMASYN,EQ,26-Mar-2015,8.15,8.80,8.80,6.95,7.45,7.55,7.58,16695,1.26,75,10821,64.82
ASHIMASYN,EQ,27-Mar-2015,7.55,7.40,8.45,7.40,7.80,7.95,8.07,49654,4.01,67,44858,90.34
ASHIMASYN,EQ,30-Mar-2015,7.95,8.55,8.90,8.10,8.35,8.35,8.34,3053,0.25,30,2061,67.51
ASHIMASYN,EQ,31-Mar-2015,8.35,8.75,8.85,7.75,8.00,8.00,8.20,4194,0.34,28,2690,64.14
ASHIMASYN,EQ,01-Apr-2015,8.00,8.40,8.85,8.05,8.15,8.25,8.31,3253,0.27,12,2252,69.23
ASHIMASYN,EQ,06-Apr-2015,8.25,8.30,9.90,8.15,9.90,9.90,9.32,69907,6.52,114,47973,68.62
ASHIMASYN,EQ,07-Apr-2015,9.90,11.35,11.40,9.30,10.80,10.55,10.54,139850,14.74,377,91629,65.52
ASHIMASYN,EQ,08-Apr-2015,10.55,10.00,10.45,9.50,9.80,9.65,9.74,11225,1.09,69,8039,71.62
ASHIMASYN,EQ,09-Apr-2015,9.65,10.00,10.00,9.15,9.80,9.80,9.76,7248,0.71,32,5527,76.26
ASHIMASYN,EQ,10-Apr-2015,9.80,10.00,10.00,9.40,9.70,9.70,9.59,11714,1.12,36,7740,66.07
ASHIMASYN,EQ,13-Apr-2015,9.70,9.55,9.95,9.40,9.60,9.60,9.57,10871,1.04,38,10285,94.61
ASHIMASYN,EQ,15-Apr-2015,9.60,9.05,10.30,8.85,9.85,9.85,9.69,5560,0.54,38,4296,77.27
ASHIMASYN,EQ,16-Apr-2015,9.85,10.20,10.25,8.95,9.90,9.80,9.69,16097,1.56,78,11400,70.82
ASHIMASYN,EQ,17-Apr-2015,9.80,9.60,9.95,9.40,9.95,9.80,9.72,11007,1.07,55,8990,81.68
ASHIMASYN,EQ,20-Apr-2015,9.80,10.95,10.95,9.15,9.35,9.35,9.62,7223,0.70,45,6636,91.87
ASHIMASYN,EQ,21-Apr-2015,9.35,9.20,9.95,9.20,9.25,9.25,9.46,4116,0.39,21,3860,93.78
ASHIMASYN,EQ,22-Apr-2015,9.25,9.05,9.85,9.05,9.75,9.75,9.27,8296,0.77,25,8119,97.87
ASHIMASYN,EQ,23-Apr-2015,9.75,9.30,9.55,9.10,9.35,9.35,9.44,4088,0.39,28,3537,86.52
ASHIMASYN,EQ,24-Apr-2015,9.35,9.00,9.70,9.00,9.05,9.05,9.23,3251,0.30,14,2650,81.51
ASHIMASYN,EQ,27-Apr-2015,9.05,10.70,10.70,8.75,8.95,9.00,8.90,16611,1.48,38,14351,86.39
ASHIMASYN,EQ,28-Apr-2015,9.00,9.45,9.45,8.85,9.00,9.00,8.98,8952,0.80,43,6200,69.26
ASHIMASYN,EQ,29-Apr-2015,9.00,9.90,9.90,8.90,9.00,9.00,9.26,28444,2.64,91,16705,58.73
ASHIMASYN,EQ,30-Apr-2015,9.00,8.90,9.10,8.20,9.00,9.05,9.00,5996,0.54,27,4300,71.71
ASHIMASYN,EQ,04-May-2015,9.05,9.20,9.20,9.00,9.00,9.00,9.03,8900,0.80,14,8900,100.00
ASHIMASYN,EQ,05-May-2015,9.00,9.15,9.35,9.10,9.10,9.10,9.23,4400,0.41,7,4400,100.00
ASHIMASYN,EQ,06-May-2015,9.10,9.10,9.10,8.75,9.00,8.95,8.95,5712,0.51,21,3699,64.76
ASHIMASYN,EQ,07-May-2015,8.95,9.80,9.80,8.80,8.80,8.80,8.88,9158,0.81,16,9057,98.90
ASHIMASYN,EQ,08-May-2015,8.80,8.75,9.35,8.75,9.15,9.15,8.86,11950,1.06,24,8944,74.85
ASHIMASYN,EQ,11-May-2015,9.15,9.00,9.00,8.80,9.00,8.95,8.98,6712,0.60,43,5703,84.97
ASHIMASYN,EQ,12-May-2015,8.95,9.00,9.20,8.80,9.05,9.05,9.11,19202,1.75,36,18650,97.13
ASHIMASYN,EQ,13-May-2015,9.05,8.80,9.15,8.65,9.15,9.15,9.00,4599,0.41,16,4446,96.67
ASHIMASYN,EQ,14-May-2015,9.15,8.80,9.00,8.75,9.00,9.00,8.92,5136,0.46,18,5030,97.94
ASHIMASYN,EQ,15-May-2015,9.00,8.90,9.00,8.85,8.85,8.85,8.91,2162,0.19,29,1981,91.63
ASHIMASYN,EQ,18-May-2015,8.85,9.00,9.00,8.75,9.00,9.00,8.96,6030,0.54,13,6030,100.00
ASHIMASYN,EQ,19-May-2015,9.00,9.10,9.40,8.80,8.85,8.85,9.06,4561,0.41,14,3810,83.53
ASHIMASYN,EQ,20-May-2015,8.85,9.45,9.45,8.85,8.85,8.85,8.88,4625,0.41,34,4125,89.19
ASHIMASYN,EQ,22-May-2015,8.85,8.70,9.15,8.70,9.15,9.00,8.98,27827,2.50,30,27370,98.36
ASHIMASYN,EQ,25-May-2015,9.00,8.70,9.20,8.60,8.95,9.00,8.98,28915,2.60,39,27695,95.78
ASHIMASYN,EQ,26-May-2015,9.00,9.10,9.10,8.80,8.85,8.80,8.90,25901,2.30,14,24900,96.14
ASHIMASYN,EQ,27-May-2015,8.80,8.65,9.40,8.50,9.00,9.05,8.88,16025,1.42,61,8230,51.36
ASHIMASYN,EQ,28-May-2015,9.05,8.80,9.15,8.75,8.95,8.95,8.95,5311,0.48,9,5310,99.98
ASHIMASYN,EQ,29-May-2015,8.95,8.85,9.20,8.85,9.05,9.05,9.03,1674,0.15,6,1074,64.16
ASHIMASYN,EQ,01-Jun-2015,9.05,9.00,9.70,8.70,8.90,8.90,8.92,11945,1.07,30,7489,62.70
ASHIMASYN,EQ,02-Jun-2015,8.90,9.00,9.40,8.85,9.05,9.00,8.98,44648,4.01,43,35176,78.79
ASHIMASYN,EQ,03-Jun-2015,9.00,8.80,9.35,8.20,8.55,8.55,8.82,13647,1.20,34,12015,88.04
ASHIMASYN,EQ,04-Jun-2015,8.55,8.30,8.95,8.00,8.65,8.65,8.39,8173,0.69,17,6093,74.55
ASHIMASYN,EQ,05-Jun-2015,8.65,8.55,8.85,8.55,8.65,8.65,8.67,3085,0.27,17,2765,89.63
ASHIMASYN,EQ,08-Jun-2015,8.65,8.60,8.60,8.50,8.50,8.50,8.57,700,0.06,2,500,71.43
ASHIMASYN,EQ,09-Jun-2015,8.50,8.50,8.70,8.10,8.45,8.40,8.35,5504,0.46,47,4495,81.67
ASHIMASYN,EQ,10-Jun-2015,8.40,8.35,8.55,8.35,8.50,8.40,8.41,1539,0.13,6,1159,75.31
ASHIMASYN,EQ,11-Jun-2015,8.40,8.35,8.80,8.20,8.65,8.65,8.29,4483,0.37,15,4450,99.26
ASHIMASYN,EQ,12-Jun-2015,8.65,8.35,8.50,8.35,8.40,8.40,8.41,6850,0.58,13,6850,100.00
ASHIMASYN,EQ,15-Jun-2015,8.40,8.30,8.45,8.30,8.30,8.30,8.32,2601,0.22,15,2300,88.43
ASHIMASYN,EQ,16-Jun-2015,8.30,9.00,9.00,8.35,8.35,8.50,8.82,2402,0.21,18,1500,62.45
ASHIMASYN,EQ,17-Jun-2015,8.50,8.75,8.90,8.55,8.75,8.75,8.75,17404,1.52,42,16904,97.13
ASHIMASYN,EQ,18-Jun-2015,8.75,9.20,9.20,8.50,9.00,9.00,8.78,10005,0.88,37,9340,93.35
ASHIMASYN,EQ,19-Jun-2015,9.00,8.80,8.80,8.15,8.20,8.25,8.21,16547,1.36,103,12252,74.04
ASHIMASYN,EQ,22-Jun-2015,8.25,8.70,9.00,8.70,8.95,8.95,8.81,16104,1.42,46,15000,93.14
ASHIMASYN,EQ,23-Jun-2015,8.95,8.95,10.70,8.95,10.70,10.70,10.35,133625,13.83,198,108907,81.50
ASHIMASYN,EQ,24-Jun-2015,10.70,11.25,12.80,10.35,12.00,12.15,12.03,313534,37.72,965,162282,51.76
ASHIMASYN,EQ,25-Jun-2015,12.15,12.50,13.00,10.45,12.75,12.70,12.43,212244,26.38,713,84540,39.83
ASHIMASYN,EQ,26-Jun-2015,12.70,12.80,13.00,12.00,12.25,12.30,12.37,70278,8.69,291,34346,48.87
ASHIMASYN,EQ,29-Jun-2015,12.30,12.05,12.60,11.10,12.55,12.50,12.10,126614,15.32,381,54892,43.35
ASHIMASYN,EQ,30-Jun-2015,12.50,12.65,13.75,12.30,13.05,13.30,13.43,443649,59.60,1230,178977,40.34
ASHIMASYN,EQ,01-Jul-2015,13.30,13.00,13.65,12.90,12.95,13.15,13.28,99730,13.25,406,71679,71.87
ASHIMASYN,EQ,02-Jul-2015,13.15,13.25,13.50,12.60,12.80,12.70,13.05,37613,4.91,200,24626,65.47
ASHIMASYN,EQ,03-Jul-2015,12.70,12.75,12.95,12.40,12.55,12.55,12.57,30207,3.80,163,27751,91.87
ASHIMASYN,EQ,06-Jul-2015,12.55,12.30,13.20,12.25,13.00,13.05,12.78,66268,8.47,133,39658,59.84
ASHIMASYN,EQ,07-Jul-2015,13.05,13.05,13.05,12.45,12.45,12.60,12.66,62028,7.86,221,39356,63.45
ASHIMASYN,EQ,08-Jul-2015,12.60,12.45,13.50,12.00,13.10,13.05,12.70,75429,9.58,161,37152,49.25
ASHIMASYN,EQ,09-Jul-2015,13.05,13.00,13.30,12.90,13.15,13.05,13.12,35375,4.64,83,27996,79.14
ASHIMASYN,EQ,10-Jul-2015,13.05,13.00,13.10,12.45,12.80,12.55,12.76,17099,2.18,109,10803,63.18
ASHIMASYN,EQ,13-Jul-2015,12.55,13.50,13.50,12.25,12.50,12.50,13.05,25882,3.38,101,18392,71.06
ASHIMASYN,EQ,14-Jul-2015,12.50,13.35,13.35,12.25,12.85,13.00,12.86,53052,6.82,181,42369,79.86
ASHIMASYN,EQ,15-Jul-2015,13.00,12.75,13.00,12.25,12.40,12.40,12.51,17135,2.14,79,11454,66.85
ASHIMASYN,EQ,16-Jul-2015,12.40,12.40,13.00,11.80,12.45,12.20,12.52,44028,5.51,84,32201,73.14
ASHIMASYN,EQ,17-Jul-2015,12.20,12.45,12.45,12.00,12.00,12.05,12.18,30159,3.67,61,25403,84.23
ASHIMASYN,EQ,20-Jul-2015,12.05,12.05,12.50,11.70,12.35,12.05,12.21,35319,4.31,116,25317,71.68
ASHIMASYN,EQ,21-Jul-2015,12.05,12.30,12.30,11.35,11.60,11.45,11.68,43224,5.05,150,35938,83.14
ASHIMASYN,EQ,22-Jul-2015,11.45,11.90,11.90,11.20,11.60,11.40,11.50,30896,3.55,138,22184,71.80
ASHIMASYN,EQ,23-Jul-2015,11.40,11.70,11.85,11.10,11.20,11.25,11.43,15716,1.80,74,11485,73.08
ASHIMASYN,EQ,24-Jul-2015,11.25,11.15,11.65,11.00,11.40,11.40,11.40,14970,1.71,51,14498,96.85
ASHIMASYN,EQ,27-Jul-2015,11.40,11.25,11.65,11.05,11.25,11.20,11.22,27388,3.07,117,25987,94.88
ASHIMASYN,EQ,28-Jul-2015,11.20,11.55,11.55,11.10,11.25,11.25,11.23,12166,1.37,47,9778,80.37
ASHIMASYN,EQ,29-Jul-2015,11.25,11.30,12.35,11.30,12.35,12.35,12.13,58228,7.06,164,31374,53.88
ASHIMASYN,EQ,30-Jul-2015,12.35,12.60,13.40,12.60,13.00,12.85,12.99,36004,4.68,170,25013,69.47
ASHIMASYN,EQ,31-Jul-2015,12.85,13.25,13.25,12.50,12.50,12.60,12.78,15564,1.99,78,13569,87.18
ASHIMASYN,EQ,03-Aug-2015,12.60,12.75,13.25,12.75,12.90,12.90,12.94,23186,3.00,100,17208,74.22
ASHIMASYN,EQ,04-Aug-2015,12.90,12.80,14.15,12.65,14.15,14.15,13.97,210911,29.46,687,96659,45.83
ASHIMASYN,EQ,05-Aug-2015,14.15,14.40,14.40,13.55,14.00,13.80,13.99,157149,21.99,887,98334,62.57
ASHIMASYN,EQ,06-Aug-2015,13.80,13.80,14.30,13.15,13.15,13.15,13.37,78845,10.55,361,51292,65.05
ASHIMASYN,EQ,07-Aug-2015,13.15,12.90,13.30,12.50,12.50,12.60,12.76,33617,4.29,95,26392,78.51
ASHIMASYN,EQ,10-Aug-2015,12.60,12.20,12.90,12.05,12.15,12.15,12.34,27541,3.40,84,23546,85.49
ASHIMASYN,EQ,11-Aug-2015,12.15,12.45,12.65,11.55,12.00,11.70,11.78,21677,2.55,94,16801,77.51
ASHIMASYN,EQ,12-Aug-2015,11.70,11.35,12.20,11.30,11.45,11.55,11.74,53415,6.27,173,32000,59.91
ASHIMASYN,EQ,13-Aug-2015,11.55,11.40,11.95,11.05,11.20,11.15,11.17,31739,3.54,107,27505,86.66
ASHIMASYN,EQ,14-Aug-2015,11.15,11.45,11.55,10.80,11.40,11.05,11.30,13939,1.58,74,11560,82.93
ASHIMASYN,EQ,17-Aug-2015,11.05,11.25,11.25,10.75,11.00,10.90,11.02,20056,2.21,65,13926,69.44
ASHIMASYN,EQ,18-Aug-2015,10.90,10.75,11.40,10.75,11.00,11.00,10.92,32016,3.50,249,20913,65.32
ASHIMASYN,EQ,19-Aug-2015,11.00,11.00,11.25,10.60,10.80,10.80,10.87,64469,7.01,174,41901,64.99
ASHIMASYN,EQ,20-Aug-2015,10.80,10.65,11.30,10.60,11.30,10.85,10.94,35812,3.92,88,24772,69.17
ASHIMASYN,EQ,21-Aug-2015,10.85,10.55,10.85,10.45,10.75,10.60,10.56,35357,3.73,125,26380,74.61
ASHIMASYN,EQ,24-Aug-2015,10.60,10.10,10.90,10.10,10.10,10.10,10.12,83204,8.42,68,56992,68.50
ASHIMASYN,EQ,25-Aug-2015,10.10,10.10,10.10,9.60,9.60,9.60,9.62,26559,2.55,35,23151,87.17
ASHIMASYN,EQ,26-Aug-2015,9.60,9.95,10.00,9.50,9.50,9.55,9.73,6009,0.58,39,5842,97.22
ASHIMASYN,EQ,27-Aug-2015,9.55,9.50,10.00,9.50,10.00,10.00,9.96,14841,1.48,23,13340,89.89
ASHIMASYN,EQ,28-Aug-2015,10.00,9.50,10.50,9.50,9.60,9.60,10.16,6053,0.61,29,4722,78.01
ASHIMASYN,EQ,31-Aug-2015,9.60,9.25,9.95,9.20,9.50,9.40,9.41,11092,1.04,60,7434,67.02
ASHIMASYN,EQ,01-Sep-2015,9.40,9.80,9.85,9.55,9.75,9.75,9.80,11482,1.13,22,7500,65.32
ASHIMASYN,EQ,02-Sep-2015,9.75,10.00,10.10,9.35,9.50,9.45,9.60,7709,0.74,43,7013,90.97
ASHIMASYN,EQ,03-Sep-2015,9.45,9.30,9.85,9.30,9.80,9.80,9.52,1788,0.17,10,1508,84.34
ASHIMASYN,EQ,04-Sep-2015,9.80,9.35,9.95,9.30,9.55,9.55,9.48,8294,0.79,49,5673,68.40
ASHIMASYN,EQ,07-Sep-2015,9.55,9.15,9.95,8.70,9.00,8.95,9.06,15322,1.39,100,11555,75.41
ASHIMASYN,EQ,08-Sep-2015,8.95,9.00,9.65,8.75,9.30,9.30,9.18,21805,2.00,107,12746,58.45
ASHIMASYN,EQ,09-Sep-2015,9.30,9.75,9.75,9.05,9.15,9.10,9.21,7581,0.70,54,4729,62.38
ASHIMASYN,EQ,10-Sep-2015,9.10,9.05,9.35,8.75,8.90,8.90,9.00,4783,0.43,28,4207,87.96
ASHIMASYN,EQ,11-Sep-2015,8.90,9.25,9.30,9.00,9.10,9.10,9.21,2903,0.27,16,2829,97.45
ASHIMASYN,EQ,14-Sep-2015,9.10,9.20,9.20,8.90,9.10,9.10,8.96,2880,0.26,13,2830,98.26
ASHIMASYN,EQ,15-Sep-2015,9.10,8.75,9.10,8.75,9.05,9.05,8.94,4364,0.39,32,3622,83.00
ASHIMASYN,EQ,16-Sep-2015,9.05,9.10,9.45,9.00,9.15,9.25,9.03,13540,1.22,48,11904,87.92
ASHIMASYN,EQ,18-Sep-2015,9.25,9.30,9.60,9.10,9.60,9.25,9.33,7454,0.70,37,4909,65.86
ASHIMASYN,EQ,21-Sep-2015,9.25,9.60,9.60,9.00,9.55,9.50,9.42,3346,0.32,29,3119,93.22
ASHIMASYN,EQ,22-Sep-2015,9.50,9.30,9.65,9.15,9.50,9.50,9.48,5861,0.56,37,5093,86.90
ASHIMASYN,EQ,23-Sep-2015,9.50,9.80,9.80,9.25,9.25,9.30,9.62,3200,0.31,11,3200,100.00
ASHIMASYN,EQ,24-Sep-2015,9.30,9.30,9.65,9.25,9.40,9.40,9.40,7364,0.69,45,4770,64.77
ASHIMASYN,EQ,28-Sep-2015,9.40,9.50,10.30,8.50,9.70,9.90,9.91,43358,4.30,274,26494,61.11
ASHIMASYN,EQ,29-Sep-2015,9.90,9.70,10.80,9.70,10.50,10.35,10.40,29292,3.05,104,24547,83.80
ASHIMASYN,EQ,30-Sep-2015,10.35,10.50,10.60,10.10,10.55,10.50,10.49,42114,4.42,111,36989,87.83
ASHIMASYN,EQ,01-Oct-2015,10.50,10.75,11.55,10.05,11.45,11.40,11.16,68704,7.67,140,45802,66.67
ASHIMASYN,EQ,05-Oct-2015,11.40,12.00,12.75,11.75,12.35,12.30,12.35,47571,5.88,448,28592,60.10
ASHIMASYN,EQ,06-Oct-2015,12.30,12.15,12.15,11.55,11.65,11.65,11.89,11401,1.36,57,11180,98.06
ASHIMASYN,EQ,07-Oct-2015,11.65,11.55,12.40,11.55,11.95,12.40,11.86,12075,1.43,36,10624,87.98
ASHIMASYN,EQ,08-Oct-2015,12.40,12.40,12.45,11.95,12.00,12.00,12.07,11115,1.34,42,9491,85.39
ASHIMASYN,EQ,09-Oct-2015,12.00,12.40,13.90,11.50,12.75,13.00,12.81,36154,4.63,139,31829,88.04
ASHIMASYN,EQ,12-Oct-2015,13.00,13.40,13.45,12.55,12.65,12.65,13.08,72268,9.45,237,53816,74.47
ASHIMASYN,EQ,13-Oct-2015,12.65,12.55,13.40,12.25,13.35,13.15,12.96,20564,2.66,77,19202,93.38
ASHIMASYN,EQ,14-Oct-2015,13.15,13.10,15.50,13.00,15.00,14.95,14.64,247160,36.19,629,172680,69.87
ASHIMASYN,EQ,15-Oct-2015,14.95,15.40,16.30,14.75,15.40,15.15,15.59,252749,39.40,723,132743,52.52
ASHIMASYN,EQ,16-Oct-2015,15.15,15.90,15.95,14.10,14.35,14.40,14.89,62578,9.32,348,35554,56.82
ASHIMASYN,EQ,19-Oct-2015,14.40,14.90,15.25,14.25,14.70,14.75,14.71,44220,6.50,212,25476,57.61
ASHIMASYN,EQ,20-Oct-2015,14.75,14.50,15.00,13.85,14.35,14.05,14.49,60117,8.71,187,36361,60.48
ASHIMASYN,EQ,21-Oct-2015,14.05,14.65,16.85,14.20,16.65,16.55,16.06,398426,64.00,1207,201085,50.47
ASHIMASYN,EQ,23-Oct-2015,16.55,17.25,18.10,15.40,17.10,17.05,17.03,471546,80.29,2025,206810,43.86
ASHIMASYN,EQ,26-Oct-2015,17.05,17.00,17.50,16.10,17.15,16.80,16.93,149786,25.36,656,90732,60.57
ASHIMASYN,EQ,27-Oct-2015,16.80,16.80,16.80,14.20,16.15,16.05,15.82,102801,16.27,526,65896,64.10
ASHIMASYN,EQ,28-Oct-2015,16.05,16.45,18.40,15.95,16.60,16.40,16.93,431450,73.04,1298,237656,55.08
ASHIMASYN,EQ,29-Oct-2015,16.40,16.50,16.55,14.50,14.80,14.90,15.27,455044,69.48,1205,264733,58.18
ASHIMASYN,EQ,30-Oct-2015,14.90,12.00,12.40,11.60,11.60,11.75,11.98,245444,29.41,652,151155,61.58
ASHIMASYN,EQ,02-Nov-2015,11.75,12.00,13.20,11.75,11.95,12.00,12.40,137204,17.01,728,65715,47.90
ASHIMASYN,EQ,03-Nov-2015,12.00,12.00,12.30,11.75,11.75,11.85,11.94,20608,2.46,93,17113,83.04
ASHIMASYN,EQ,04-Nov-2015,11.85,12.20,12.20,11.80,11.90,11.90,11.93,23007,2.75,87,18596,80.83
ASHIMASYN,EQ,05-Nov-2015,11.90,12.05,12.10,11.55,11.80,11.85,11.78,61781,7.28,169,55881,90.45
ASHIMASYN,EQ,06-Nov-2015,11.85,12.15,12.50,11.75,11.75,11.85,12.24,66836,8.18,185,40143,60.06
ASHIMASYN,EQ,09-Nov-2015,11.85,11.55,11.95,11.00,11.80,11.70,11.69,12730,1.49,98,6902,54.22
ASHIMASYN,EQ,10-Nov-2015,11.70,11.50,11.95,11.35,11.45,11.55,11.55,15590,1.80,67,9306,59.69
ASHIMASYN,EQ,11-Nov-2015,11.55,12.15,12.15,11.30,11.80,11.80,11.66,20425,2.38,84,15725,76.99
ASHIMASYN,EQ,13-Nov-2015,11.80,12.40,13.00,11.55,12.90,12.55,12.36,104079,12.86,277,89700,86.18
ASHIMASYN,EQ,16-Nov-2015,12.55,12.00,12.90,11.80,11.90,11.90,11.99,55734,6.68,226,40029,71.82
ASHIMASYN,EQ,17-Nov-2015,11.90,12.05,12.05,11.45,11.45,11.50,11.70,122295,14.31,183,113117,92.50
ASHIMASYN,EQ,18-Nov-2015,11.50,11.55,11.90,11.20,11.25,11.25,11.52,51117,5.89,214,38916,76.13
ASHIMASYN,EQ,19-Nov-2015,11.25,11.25,11.60,11.20,11.40,11.35,11.35,82039,9.31,195,57651,70.27
ASHIMASYN,EQ,20-Nov-2015,11.35,11.40,11.80,11.40,11.45,11.45,11.55,143263,16.55,285,120250,83.94
ASHIMASYN,EQ,23-Nov-2015,11.45,11.75,11.90,10.80,10.85,10.90,11.12,221644,24.64,437,162536,73.33
ASHIMASYN,EQ,24-Nov-2015,10.90,11.00,11.05,10.50,10.80,10.80,10.94,112132,12.27,152,90194,80.44
ASHIMASYN,EQ,26-Nov-2015,10.80,10.75,12.00,10.75,11.60,11.55,11.54,306119,35.32,414,206773,67.55
ASHIMASYN,EQ,27-Nov-2015,11.55,11.35,11.80,11.15,11.40,11.40,11.39,157888,17.99,388,129555,82.06
ASHIMASYN,EQ,30-Nov-2015,11.40,11.25,13.35,11.10,12.85,12.70,12.56,881771,110.72,1897,520113,58.99
ASHIMASYN,EQ,01-Dec-2015,12.70,13.15,13.70,12.80,13.05,13.05,13.23,653603,86.47,1827,463139,70.86
ASHIMASYN,EQ,02-Dec-2015,13.05,13.30,13.40,12.50,12.60,12.75,12.80,437116,55.95,870,316693,72.45
ASHIMASYN,EQ,03-Dec-2015,12.75,12.75,15.30,12.75,14.15,14.35,14.57,1225381,178.55,3042,564695,46.08
ASHIMASYN,EQ,04-Dec-2015,14.35,14.30,15.70,13.85,14.80,14.85,15.15,425223,64.42,1690,221757,52.15
ASHIMASYN,EQ,07-Dec-2015,14.85,15.25,15.95,14.60,15.25,15.00,15.26,217447,33.18,824,133871,61.56
ASHIMASYN,EQ,08-Dec-2015,15.00,14.85,15.40,14.00,14.05,14.25,14.69,139954,20.56,440,107195,76.59
ASHIMASYN,EQ,09-Dec-2015,14.25,13.90,14.00,12.70,12.95,12.95,13.29,118521,15.75,426,82043,69.22
ASHIMASYN,EQ,10-Dec-2015,12.95,13.80,13.90,12.85,13.85,13.60,13.52,41178,5.57,364,22891,55.59
ASHIMASYN,EQ,11-Dec-2015,13.60,13.40,13.95,13.10,13.50,13.80,13.65,74825,10.22,287,56757,75.85
ASHIMASYN,EQ,14-Dec-2015,13.80,14.00,14.00,12.55,13.45,13.50,13.29,45924,6.10,138,36454,79.38
ASHIMASYN,EQ,15-Dec-2015,13.50,13.40,13.65,12.60,13.20,13.20,13.30,41300,5.49,193,33150,80.27
ASHIMASYN,EQ,16-Dec-2015,13.20,13.25,13.85,13.05,13.05,13.10,13.31,60555,8.06,154,51133,84.44
ASHIMASYN,EQ,17-Dec-2015,13.10,13.05,13.70,12.95,13.40,13.45,13.31,47014,6.26,183,37339,79.42
ASHIMASYN,EQ,18-Dec-2015,13.45,12.65,14.85,12.65,14.30,14.25,14.29,202774,28.97,729,131129,64.67
ASHIMASYN,EQ,21-Dec-2015,14.25,14.45,15.95,14.10,15.30,15.50,15.36,516541,79.36,1821,305654,59.17
ASHIMASYN,EQ,22-Dec-2015,15.50,15.30,15.90,14.85,15.50,15.20,15.36,119064,18.29,369,77415,65.02
ASHIMASYN,EQ,23-Dec-2015,15.20,15.55,17.85,15.55,17.85,17.45,16.83,1187522,199.90,2458,562552,47.37
ASHIMASYN,EQ,24-Dec-2015,17.45,17.85,20.90,17.05,20.90,20.90,20.27,3520270,713.71,6452,1452105,41.25
ASHIMASYN,EQ,28-Dec-2015,20.90,21.70,21.85,19.15,19.75,19.85,20.17,1180110,237.99,3516,562521,47.67
ASHIMASYN,EQ,29-Dec-2015,19.85,20.25,21.40,19.25,20.35,20.25,20.61,549807,113.31,1994,342840,62.36
ASHIMASYN,EQ,30-Dec-2015,20.25,20.45,20.90,18.55,19.70,19.50,19.86,409896,81.42,1195,261833,63.88
ASHIMASYN,EQ,31-Dec-2015,19.50,19.80,19.85,18.80,18.80,18.85,18.97,266628,50.58,1038,193936,72.74
ASHIMASYN,EQ,01-Jan-2016,18.85,19.00,20.70,18.70,20.20,20.15,19.96,415434,82.91,1317,222421,53.54
ASHIMASYN,EQ,04-Jan-2016,20.15,20.50,21.00,18.95,19.90,20.10,20.08,388900,78.09,1874,253409,65.16
ASHIMASYN,EQ,05-Jan-2016,20.10,20.10,21.45,19.85,20.75,20.90,20.71,528463,109.43,1631,307982,58.28
ASHIMASYN,EQ,06-Jan-2016,20.90,21.55,21.60,19.50,20.00,19.80,20.36,297028,60.46,1035,207419,69.83
ASHIMASYN,EQ,07-Jan-2016,19.80,18.55,20.00,18.30,18.75,18.75,18.79,144837,27.21,691,97673,67.44
ASHIMASYN,EQ,08-Jan-2016,18.75,18.85,19.60,18.60,19.20,19.20,19.13,207695,39.72,685,138628,66.75
ASHIMASYN,EQ,11-Jan-2016,19.20,18.70,19.40,17.75,18.75,18.80,18.76,198192,37.18,900,95611,48.24
ASHIMASYN,EQ,12-Jan-2016,18.80,18.75,19.20,17.15,17.70,17.75,18.02,169927,30.62,713,100438,59.11
ASHIMASYN,EQ,13-Jan-2016,17.75,18.45,18.75,16.00,17.10,17.05,16.80,241777,40.63,913,147216,60.89
ASHIMASYN,EQ,14-Jan-2016,17.05,16.00,17.40,15.45,16.20,16.00,16.27,128036,20.83,613,57773,45.12
ASHIMASYN,EQ,15-Jan-2016,16.00,16.30,16.65,14.70,15.50,15.05,15.44,124922,19.29,600,75175,60.18
ASHIMASYN,EQ,18-Jan-2016,15.05,15.10,15.50,14.30,14.30,14.30,14.45,20166,2.91,85,17855,88.54
ASHIMASYN,EQ,19-Jan-2016,14.30,13.70,14.40,13.60,14.20,14.10,13.90,150833,20.96,475,103227,68.44
ASHIMASYN,EQ,20-Jan-2016,14.10,14.00,14.00,13.40,13.40,13.40,13.41,25027,3.36,59,19302,77.12
ASHIMASYN,EQ,21-Jan-2016,13.40,13.15,14.00,12.90,13.05,13.15,13.25,64720,8.58,304,48960,75.65
ASHIMASYN,EQ,22-Jan-2016,13.15,13.25,13.80,12.80,13.80,13.80,13.52,37942,5.13,144,24005,63.27
ASHIMASYN,EQ,25-Jan-2016,13.80,14.40,14.45,13.80,14.45,14.45,14.15,23823,3.37,105,17627,73.99
ASHIMASYN,EQ,27-Jan-2016,14.45,15.15,15.15,15.15,15.15,15.15,15.15,50276,7.62,58,50271,99.99
ASHIMASYN,EQ,28-Jan-2016,15.15,15.70,15.90,14.70,15.55,15.65,15.70,114100,17.91,421,70237,61.56
ASHIMASYN,EQ,29-Jan-2016,15.65,16.20,16.20,14.95,15.00,15.35,15.32,68321,10.46,325,43085,63.06
ASHIMASYN,EQ,01-Feb-2016,15.35,15.10,15.90,14.60,14.60,14.70,15.04,40114,6.03,204,28273,70.48
ASHIMASYN,EQ,02-Feb-2016,14.70,14.50,14.70,14.00,14.20,14.20,14.39,32395,4.66,136,20739,64.02
ASHIMASYN,EQ,03-Feb-2016,14.20,13.90,14.25,13.50,13.50,13.50,13.69,39121,5.36,153,32019,81.85
ASHIMASYN,EQ,04-Feb-2016,13.50,14.00,14.00,12.85,12.85,12.85,13.13,67749,8.90,219,52193,77.04
ASHIMASYN,EQ,05-Feb-2016,12.85,12.60,13.40,12.60,13.00,13.05,12.98,47596,6.18,194,33177,69.71
ASHIMASYN,EQ,08-Feb-2016,13.05,12.50,13.40,12.50,12.70,12.80,12.94,35641,4.61,212,28676,80.46
ASHIMASYN,EQ,09-Feb-2016,12.80,11.75,12.75,11.75,12.40,12.35,12.26,33426,4.10,184,24743,74.02
ASHIMASYN,EQ,10-Feb-2016,12.35,12.10,12.30,11.70,11.95,11.90,12.06,36609,4.41,155,31429,85.85
ASHIMASYN,EQ,11-Feb-2016,11.90,11.95,11.95,10.75,10.75,10.75,10.83,103243,11.18,246,78608,76.14
ASHIMASYN,EQ,12-Feb-2016,10.75,10.10,11.40,9.70,10.80,10.75,10.29,53775,5.53,205,36439,67.76
ASHIMASYN,EQ,15-Feb-2016,10.75,11.00,11.80,10.55,11.75,11.80,11.73,40767,4.78,138,32592,79.95
ASHIMASYN,EQ,16-Feb-2016,11.80,12.00,12.40,10.65,10.75,10.85,11.30,47706,5.39,189,38259,80.20
ASHIMASYN,EQ,17-Feb-2016,10.85,10.20,11.20,9.90,11.15,11.05,10.53,36672,3.86,168,20995,57.25
ASHIMASYN,EQ,18-Feb-2016,11.05,11.00,11.75,10.60,10.85,11.00,11.32,15227,1.72,100,9958,65.40
ASHIMASYN,EQ,19-Feb-2016,11.00,10.60,11.00,10.30,10.45,10.55,10.63,18656,1.98,112,14354,76.94
ASHIMASYN,EQ,22-Feb-2016,10.55,10.20,10.95,10.15,10.60,10.65,10.63,18493,1.97,126,10874,58.80
ASHIMASYN,EQ,23-Feb-2016,10.65,10.20,10.85,10.20,10.40,10.40,10.43,8171,0.85,67,6166,75.46
ASHIMASYN,EQ,24-Feb-2016,10.40,10.00,10.50,9.50,10.50,10.25,10.16,23777,2.42,114,17032,71.63
ASHIMASYN,EQ,25-Feb-2016,10.25,10.20,10.75,10.20,10.25,10.35,10.30,11472,1.18,49,9377,81.74
ASHIMASYN,EQ,26-Feb-2016,10.35,10.60,10.65,10.00,10.50,10.30,10.19,26531,2.70,109,18450,69.54
ASHIMASYN,EQ,29-Feb-2016,10.30,10.00,11.30,10.00,11.05,10.90,10.50,47666,5.01,261,31184,65.42
ASHIMASYN,EQ,01-Mar-2016,10.90,11.00,11.75,10.80,11.20,11.35,11.42,39874,4.55,271,27684,69.43
ASHIMASYN,EQ,02-Mar-2016,11.35,11.60,12.45,11.40,12.45,12.40,12.00,99521,11.95,389,73773,74.13
ASHIMASYN,EQ,03-Mar-2016,12.40,13.55,13.60,11.70,13.35,13.20,13.28,71305,9.47,397,49437,69.33
ASHIMASYN,EQ,04-Mar-2016,13.20,13.10,13.10,12.55,12.60,12.60,12.69,41513,5.27,172,30838,74.29
ASHIMASYN,EQ,08-Mar-2016,12.60,13.15,13.15,12.20,12.45,12.25,12.36,29399,3.63,91,24339,82.79
ASHIMASYN,EQ,09-Mar-2016,12.25,11.65,12.85,11.65,12.80,12.65,12.43,22970,2.85,127,18666,81.26
ASHIMASYN,EQ,10-Mar-2016,12.65,12.85,13.20,12.30,12.40,12.35,12.85,54287,6.97,286,18903,34.82
ASHIMASYN,EQ,11-Mar-2016,12.35,12.00,12.65,11.75,11.85,11.85,12.08,90481,10.93,411,61083,67.51
ASHIMASYN,EQ,14-Mar-2016,11.85,12.00,12.30,11.65,12.30,12.25,12.06,32227,3.89,175,27736,86.06
ASHIMASYN,EQ,15-Mar-2016,12.25,12.10,12.20,11.65,11.95,11.90,11.88,23064,2.74,164,11127,48.24
ASHIMASYN,EQ,16-Mar-2016,11.90,11.75,12.25,11.65,12.00,11.80,11.89,8394,1.00,75,4059,48.36
ASHIMASYN,EQ,17-Mar-2016,11.80,12.20,12.30,11.80,11.85,11.90,11.96,8122,0.97,54,6994,86.11
ASHIMASYN,EQ,18-Mar-2016,11.90,11.90,11.90,11.50,11.55,11.55,11.71,19352,2.27,91,14795,76.45
ASHIMASYN,EQ,21-Mar-2016,11.55,11.45,11.65,11.00,11.15,11.15,11.15,27480,3.07,138,19359,70.45
ASHIMASYN,EQ,22-Mar-2016,11.15,11.15,11.70,10.80,11.25,11.25,11.47,23679,2.72,141,13718,57.93
ASHIMASYN,EQ,23-Mar-2016,11.25,10.90,11.40,10.80,11.25,11.20,11.04,11621,1.28,67,7214,62.08
ASHIMASYN,EQ,28-Mar-2016,11.20,11.25,11.25,10.70,11.00,10.95,10.87,58988,6.41,126,52805,89.52
ASHIMASYN,EQ,29-Mar-2016,10.95,10.65,11.40,10.50,10.80,10.60,10.81,193920,20.96,125,190335,98.15
ASHIMASYN,EQ,30-Mar-2016,10.60,10.25,10.90,10.10,10.55,10.75,10.42,57009,5.94,213,36865,64.67
ASHIMASYN,EQ,31-Mar-2016,10.75,10.55,11.00,10.35,10.70,10.70,10.76,45079,4.85,145,36575,81.14
ASHIMASYN,EQ,01-Apr-2016,10.70,10.75,11.20,10.75,11.20,11.20,11.15,27575,3.07,132,15160,54.98
ASHIMASYN,EQ,04-Apr-2016,11.20,11.75,11.75,11.20,11.75,11.75,11.69,28039,3.28,149,24251,86.49
ASHIMASYN,EQ,05-Apr-2016,11.75,12.15,12.25,11.55,11.85,11.85,11.99,32285,3.87,164,25010,77.47
ASHIMASYN,EQ,06-Apr-2016,11.85,11.60,12.20,11.50,12.05,12.05,11.90,9632,1.15,102,4949,51.38
ASHIMASYN,EQ,07-Apr-2016,12.05,12.05,12.65,11.80,12.40,12.45,12.48,32693,4.08,170,18870,57.72
ASHIMASYN,EQ,08-Apr-2016,12.45,12.15,12.35,11.85,12.00,12.00,12.07,20670,2.50,112,15097,73.04
ASHIMASYN,EQ,11-Apr-2016,12.00,12.00,12.40,11.95,12.05,12.10,12.14,21356,2.59,101,14118,66.11
ASHIMASYN,EQ,12-Apr-2016,12.10,11.90,12.10,11.50,12.10,11.85,11.73,51987,6.10,175,34750,66.84
ASHIMASYN,EQ,13-Apr-2016,11.85,12.00,12.30,11.80,12.00,11.90,12.00,10237,1.23,129,6646,64.92
ASHIMASYN,EQ,18-Apr-2016,11.90,12.25,12.45,11.90,12.45,12.45,12.27,85974,10.55,277,36497,42.45
ASHIMASYN,EQ,20-Apr-2016,12.45,12.95,13.05,12.15,12.70,12.75,12.70,51456,6.54,224,17940,34.86
ASHIMASYN,EQ,21-Apr-2016,12.75,12.40,13.35,12.35,12.40,12.45,12.63,61321,7.75,316,25702,41.91
ASHIMASYN,EQ,22-Apr-2016,12.45,12.40,12.90,12.40,12.50,12.55,12.72,16810,2.14,75,14034,83.49
ASHIMASYN,EQ,25-Apr-2016,12.55,12.50,12.70,12.25,12.40,12.50,12.50,40182,5.02,89,36785,91.55
ASHIMASYN,EQ,26-Apr-2016,12.50,12.25,12.55,12.00,12.30,12.25,12.28,75415,9.26,209,57304,75.98
ASHIMASYN,EQ,27-Apr-2016,12.25,12.05,12.10,11.65,11.65,11.70,11.85,73967,8.76,189,64622,87.37
ASHIMASYN,EQ,28-Apr-2016,11.70,11.65,11.90,11.15,11.20,11.25,11.40,72726,8.29,225,54878,75.46
ASHIMASYN,EQ,29-Apr-2016,11.25,11.00,11.35,10.85,11.15,11.05,11.00,50789,5.58,187,38684,76.17
ASHIMASYN,EQ,02-May-2016,11.05,11.45,11.60,10.75,11.60,11.60,11.37,40137,4.56,176,34426,85.77
ASHIMASYN,EQ,03-May-2016,11.60,12.00,12.15,11.50,12.15,12.15,12.10,47047,5.69,172,45079,95.82
ASHIMASYN,EQ,04-May-2016,12.15,12.10,12.75,12.10,12.75,12.75,12.68,54158,6.87,206,51894,95.82
ASHIMASYN,EQ,05-May-2016,12.75,13.30,13.35,12.50,13.35,13.25,13.13,100813,13.24,465,66450,65.91
ASHIMASYN,EQ,06-May-2016,13.25,13.50,13.90,12.85,13.70,13.75,13.65,92128,12.57,337,41825,45.40
ASHIMASYN,EQ,09-May-2016,13.75,13.65,14.30,13.65,13.85,13.80,13.96,25445,3.55,144,22283,87.57
ASHIMASYN,EQ,10-May-2016,13.80,13.80,14.10,13.25,13.50,13.45,13.68,40229,5.50,173,31300,77.80
ASHIMASYN,EQ,11-May-2016,13.45,13.35,13.40,12.60,12.90,12.90,12.96,30484,3.95,167,21419,70.26
ASHIMASYN,EQ,12-May-2016,12.90,13.00,13.35,12.70,13.30,13.20,13.11,17780,2.33,176,14127,79.45
ASHIMASYN,EQ,13-May-2016,13.20,13.00,13.80,12.55,13.35,13.30,13.44,71729,9.64,227,57755,80.52
ASHIMASYN,EQ,16-May-2016,13.30,12.45,13.20,12.15,12.80,12.85,12.66,111300,14.09,452,66865,60.08
ASHIMASYN,EQ,17-May-2016,12.85,12.50,12.50,11.60,11.80,11.75,11.93,555249,66.24,1016,434422,78.24
ASHIMASYN,EQ,18-May-2016,11.75,11.70,12.90,11.50,12.90,12.90,12.44,511897,63.68,770,413499,80.78
ASHIMASYN,EQ,19-May-2016,12.90,13.40,13.65,12.75,12.95,12.90,13.33,354772,47.30,1104,251715,70.95
ASHIMASYN,EQ,20-May-2016,12.90,13.00,14.15,12.65,14.00,13.95,13.83,728444,100.76,1887,328964,45.16
ASHIMASYN,EQ,23-May-2016,13.95,14.00,15.30,13.85,14.90,14.85,14.93,925939,138.29,2334,487933,52.70
ASHIMASYN,EQ,24-May-2016,14.85,15.20,15.60,15.00,15.00,15.05,15.22,514327,78.26,1369,271757,52.84
ASHIMASYN,EQ,25-May-2016,15.05,15.30,15.80,14.35,14.50,14.40,14.99,269521,40.39,844,173041,64.20
ASHIMASYN,EQ,26-May-2016,14.40,14.50,14.70,14.00,14.05,14.10,14.27,82684,11.80,376,58974,71.32
ASHIMASYN,EQ,27-May-2016,14.10,14.50,14.80,14.10,14.30,14.30,14.55,143503,20.87,466,97156,67.70
ASHIMASYN,EQ,30-May-2016,14.30,14.40,15.00,13.90,14.65,14.60,14.57,188396,27.46,482,128979,68.46
ASHIMASYN,EQ,31-May-2016,14.60,14.40,14.90,14.20,14.55,14.45,14.46,75581,10.93,277,46633,61.70
ASHIMASYN,EQ,01-Jun-2016,14.45,14.70,15.15,14.25,15.10,15.10,15.10,615273,92.88,701,354940,57.69
ASHIMASYN,EQ,02-Jun-2016,15.10,15.40,15.70,15.00,15.50,15.45,15.34,231444,35.51,554,148464,64.15
ASHIMASYN,EQ,03-Jun-2016,15.45,15.45,16.20,15.45,15.75,15.85,15.97,398831,63.70,851,261403,65.54
ASHIMASYN,EQ,06-Jun-2016,15.85,15.75,16.20,15.40,15.50,15.50,15.79,85548,13.50,234,69594,81.35
ASHIMASYN,EQ,07-Jun-2016,15.50,15.70,16.10,15.35,15.65,15.55,15.71,196936,30.93,350,123961,62.94
ASHIMASYN,EQ,08-Jun-2016,15.55,15.70,15.90,15.45,15.45,15.50,15.61,66696,10.41,192,42530,63.77
ASHIMASYN,EQ,09-Jun-2016,15.50,15.65,15.75,14.90,14.90,15.00,15.16,69047,10.47,216,54450,78.86
ASHIMASYN,EQ,10-Jun-2016,15.00,15.40,15.40,14.75,15.00,14.95,14.91,57190,8.53,147,50622,88.52
ASHIMASYN,EQ,13-Jun-2016,14.95,14.70,14.90,14.30,14.70,14.55,14.53,63349,9.20,161,50950,80.43
ASHIMASYN,EQ,14-Jun-2016,14.55,14.40,15.25,14.30,15.00,15.05,14.85,89319,13.26,203,55523,62.16
ASHIMASYN,EQ,15-Jun-2016,15.05,14.90,15.25,14.70,14.95,14.95,14.94,60408,9.02,125,48767,80.73
ASHIMASYN,EQ,16-Jun-2016,14.95,14.30,15.15,14.30,14.40,14.50,14.56,91300,13.29,181,63631,69.69
ASHIMASYN,EQ,17-Jun-2016,14.50,14.75,15.10,14.35,14.50,14.50,14.66,69788,10.23,123,48550,69.57
ASHIMASYN,EQ,20-Jun-2016,14.50,14.70,14.95,14.55,14.60,14.75,14.79,68585,10.15,197,63175,92.11
ASHIMASYN,EQ,21-Jun-2016,14.75,14.80,15.05,14.45,14.80,14.85,14.68,267200,39.21,285,139207,52.10
ASHIMASYN,EQ,22-Jun-2016,14.85,15.00,15.15,14.50,14.50,14.55,14.82,130486,19.34,248,88759,68.02
ASHIMASYN,EQ,23-Jun-2016,14.55,14.50,14.70,14.35,14.35,14.45,14.51,30561,4.43,91,19915,65.16
ASHIMASYN,EQ,24-Jun-2016,14.45,14.10,14.45,13.75,14.40,14.40,14.03,169476,23.77,332,110872,65.42
ASHIMASYN,EQ,27-Jun-2016,14.40,14.30,14.95,14.20,14.85,14.85,14.79,123139,18.21,207,93504,75.93
ASHIMASYN,EQ,28-Jun-2016,14.85,14.85,15.35,14.60,14.85,14.90,14.95,255299,38.16,650,172284,67.48
ASHIMASYN,EQ,29-Jun-2016,14.90,14.90,15.15,14.90,14.90,15.00,15.00,99464,14.92,152,73922,74.32
ASHIMASYN,EQ,30-Jun-2016,15.00,14.40,15.65,14.40,15.30,15.50,15.09,268001,40.45,395,108659,40.54
ASHIMASYN,EQ,01-Jul-2016,15.50,15.80,17.05,15.50,17.05,16.80,16.59,569411,94.47,727,409179,71.86
ASHIMASYN,EQ,04-Jul-2016,16.80,17.65,17.75,16.50,16.80,16.80,17.08,365582,62.43,717,227488,62.23
ASHIMASYN,EQ,05-Jul-2016,16.80,16.30,17.70,16.25,16.65,16.90,17.10,345194,59.02,678,187176,54.22
ASHIMASYN,EQ,07-Jul-2016,16.90,16.80,18.50,16.80,18.40,18.25,17.97,982317,176.55,1749,377144,38.39
ASHIMASYN,EQ,08-Jul-2016,18.25,18.45,19.30,18.05,18.70,18.80,18.86,825651,155.70,1619,364189,44.11
ASHIMASYN,EQ,11-Jul-2016,18.80,19.40,20.00,18.90,19.65,19.40,19.51,636704,124.25,1981,372527,58.51
ASHIMASYN,EQ,12-Jul-2016,19.40,19.60,19.90,18.50,18.90,18.75,19.07,215452,41.09,871,135811,63.04
ASHIMASYN,EQ,13-Jul-2016,18.75,18.85,19.40,18.00,18.20,18.20,18.52,109655,20.31,545,78095,71.22
ASHIMASYN,EQ,14-Jul-2016,18.20,18.15,19.25,17.70,18.30,18.35,18.53,204668,37.92,1051,86676,42.35
ASHIMASYN,EQ,15-Jul-2016,18.35,18.35,18.60,17.20,17.90,17.60,17.80,362121,64.45,636,314575,86.87
ASHIMASYN,EQ,18-Jul-2016,17.60,18.10,18.50,17.05,17.25,17.50,17.87,158148,28.26,649,94097,59.50
ASHIMASYN,EQ,19-Jul-2016,17.50,17.50,18.00,16.75,17.00,17.00,17.34,219473,38.05,922,97497,44.42
ASHIMASYN,EQ,20-Jul-2016,17.00,16.70,18.70,16.70,18.70,18.70,18.26,488934,89.26,1129,289063,59.12
ASHIMASYN,EQ,21-Jul-2016,18.70,19.00,19.40,18.00,18.10,18.20,18.80,392958,73.88,1525,235259,59.87
ASHIMASYN,EQ,22-Jul-2016,18.20,18.30,19.10,17.95,18.25,18.20,18.46,204823,37.81,761,113645,55.48
ASHIMASYN,EQ,25-Jul-2016,18.20,18.25,19.35,18.25,18.85,18.95,18.89,344696,65.11,804,180898,52.48
ASHIMASYN,EQ,26-Jul-2016,18.95,19.00,19.40,18.40,18.45,18.60,18.89,259738,49.06,1034,80780,31.10
ASHIMASYN,EQ,27-Jul-2016,18.60,18.60,19.20,18.20,18.20,18.30,18.64,110517,20.60,386,75743,68.54
ASHIMASYN,EQ,28-Jul-2016,18.30,18.05,18.80,18.00,18.40,18.35,18.39,63153,11.61,225,37008,58.60
ASHIMASYN,EQ,29-Jul-2016,18.35,18.50,19.00,18.00,18.75,18.60,18.53,127430,23.61,350,84662,66.44
ASHIMASYN,EQ,01-Aug-2016,18.60,18.50,19.40,18.05,18.35,18.25,18.83,180925,34.07,433,136548,75.47
ASHIMASYN,EQ,02-Aug-2016,18.25,18.25,18.30,17.35,17.75,17.75,17.91,168811,30.23,568,115550,68.45
ASHIMASYN,EQ,03-Aug-2016,17.75,18.20,18.20,16.80,17.15,16.95,17.24,185418,31.97,431,130901,70.60
ASHIMASYN,EQ,04-Aug-2016,16.95,17.50,18.60,17.10,17.70,17.70,18.00,540976,97.38,1130,155227,28.69
ASHIMASYN,EQ,05-Aug-2016,17.70,17.90,18.45,17.60,18.10,18.00,18.12,239600,43.42,663,159221,66.45
ASHIMASYN,EQ,08-Aug-2016,18.00,18.00,18.50,17.80,18.45,18.45,18.34,204020,37.42,535,116723,57.21
ASHIMASYN,EQ,09-Aug-2016,18.45,18.45,18.95,17.80,18.10,18.00,18.44,344380,63.52,620,234765,68.17
ASHIMASYN,EQ,10-Aug-2016,18.00,18.35,18.35,17.40,17.80,17.60,17.76,89943,15.97,311,50920,56.61
ASHIMASYN,EQ,11-Aug-2016,17.60,17.65,18.70,17.50,18.40,18.40,18.19,406103,73.89,964,206934,50.96
ASHIMASYN,EQ,12-Aug-2016,18.40,18.50,18.85,17.50,17.90,17.85,18.17,286122,51.98,663,144234,50.41
ASHIMASYN,EQ,16-Aug-2016,17.85,18.20,19.20,17.80,18.35,18.35,18.58,442610,82.25,1355,186087,42.04
ASHIMASYN,EQ,17-Aug-2016,18.35,18.35,18.75,18.05,18.30,18.30,18.42,402565,74.14,887,148597,36.91
ASHIMASYN,EQ,18-Aug-2016,18.30,18.30,18.30,17.85,18.00,17.95,18.09,95035,17.19,243,72218,75.99
ASHIMASYN,EQ,19-Aug-2016,17.95,18.05,18.40,17.40,17.60,17.65,17.99,166237,29.91,511,71128,42.79
ASHIMASYN,EQ,22-Aug-2016,17.65,17.70,18.05,17.55,17.60,17.60,17.78,57976,10.31,222,42784,73.80
ASHIMASYN,EQ,23-Aug-2016,17.60,17.65,18.00,17.25,17.45,17.35,17.59,65097,11.45,269,42342,65.04
ASHIMASYN,EQ,24-Aug-2016,17.35,17.50,17.55,16.75,16.95,16.95,17.13,81069,13.89,371,48514,59.84
ASHIMASYN,EQ,25-Aug-2016,16.95,16.95,17.50,16.80,16.80,16.80,17.12,86468,14.81,285,51653,59.74
ASHIMASYN,EQ,26-Aug-2016,16.80,16.45,17.20,16.25,16.25,16.45,16.56,133133,22.05,346,108941,81.83
ASHIMASYN,EQ,29-Aug-2016,16.45,16.60,16.90,15.80,15.80,16.00,16.14,247366,39.92,650,193723,78.31
ASHIMASYN,EQ,30-Aug-2016,16.00,16.00,16.40,16.00,16.25,16.20,16.22,70447,11.42,327,40915,58.08
ASHIMASYN,EQ,31-Aug-2016,16.20,16.35,16.70,15.85,15.90,15.95,16.21,76596,12.42,308,48516,63.34
ASHIMASYN,EQ,01-Sep-2016,15.95,16.25,18.10,16.05,16.35,16.30,17.03,385906,65.74,1356,122638,31.78
ASHIMASYN,EQ,02-Sep-2016,16.30,16.25,17.00,16.00,16.25,16.25,16.44,138376,22.75,348,66516,48.07
ASHIMASYN,EQ,06-Sep-2016,16.25,16.65,19.50,16.10,18.10,18.10,17.89,747974,133.80,1301,447083,59.77
ASHIMASYN,EQ,07-Sep-2016,18.10,18.20,19.20,17.80,18.20,18.10,18.58,603789,112.18,1207,410894,68.05
ASHIMASYN,EQ,08-Sep-2016,18.10,18.25,18.55,17.70,17.80,18.10,18.14,228339,41.42,852,125355,54.90
ASHIMASYN,EQ,09-Sep-2016,18.10,17.90,17.95,17.05,17.15,17.25,17.40,138338,24.07,376,110788,80.09
ASHIMASYN,EQ,12-Sep-2016,17.25,16.80,16.95,16.15,16.50,16.50,16.56,71963,11.92,408,56491,78.50
ASHIMASYN,EQ,14-Sep-2016,16.50,16.65,17.25,16.30,16.50,16.65,16.74,122207,20.46,300,94108,77.01
ASHIMASYN,EQ,15-Sep-2016,16.65,16.90,17.00,16.45,16.50,16.50,16.71,93184,15.57,317,70795,75.97
ASHIMASYN,EQ,16-Sep-2016,16.50,16.70,16.80,16.25,16.60,16.55,16.59,99619,16.53,318,72959,73.24
ASHIMASYN,EQ,19-Sep-2016,16.55,16.50,16.75,16.05,16.05,16.10,16.35,159716,26.12,348,127330,79.72
ASHIMASYN,EQ,20-Sep-2016,16.10,16.35,16.40,15.20,15.90,15.80,15.89,375811,59.70,468,323096,85.97
ASHIMASYN,EQ,21-Sep-2016,15.80,16.00,16.15,15.50,15.50,15.50,15.73,166867,26.25,284,148739,89.14
ASHIMASYN,EQ,22-Sep-2016,15.50,15.70,16.25,15.65,16.05,16.05,15.97,114851,18.34,249,99578,86.70
ASHIMASYN,EQ,23-Sep-2016,16.05,16.00,16.25,15.85,16.00,16.00,15.99,120242,19.23,259,106141,88.27
ASHIMASYN,EQ,26-Sep-2016,16.00,15.80,15.90,15.15,15.30,15.40,15.54,107669,16.73,168,86591,80.42
ASHIMASYN,EQ,27-Sep-2016,15.40,15.45,15.80,15.15,15.35,15.20,15.39,112768,17.36,203,78403,69.53
ASHIMASYN,EQ,28-Sep-2016,15.20,15.35,15.50,15.20,15.35,15.35,15.39,94737,14.58,153,83604,88.25
ASHIMASYN,EQ,29-Sep-2016,15.35,15.55,15.55,13.30,13.90,13.80,14.26,358808,51.18,802,240463,67.02
ASHIMASYN,EQ,30-Sep-2016,13.80,14.10,15.20,13.55,14.80,14.55,14.33,170942,24.49,689,110110,64.41
ASHIMASYN,EQ,03-Oct-2016,14.55,15.45,15.45,14.25,14.85,14.85,14.94,184033,27.49,284,136894,74.39
ASHIMASYN,EQ,04-Oct-2016,14.85,14.85,15.20,14.50,14.65,14.70,14.84,115433,17.13,258,73046,63.28
ASHIMASYN,EQ,05-Oct-2016,14.70,14.95,15.10,14.60,14.80,15.00,14.92,137807,20.56,245,102815,74.61
ASHIMASYN,EQ,06-Oct-2016,15.00,15.00,15.00,14.50,14.65,14.70,14.82,76421,11.32,186,47553,62.23
ASHIMASYN,EQ,07-Oct-2016,14.70,14.70,14.80,14.25,14.50,14.45,14.46,49863,7.21,154,35898,71.99
ASHIMASYN,EQ,10-Oct-2016,14.45,14.70,15.20,14.55,14.95,14.95,15.01,261274,39.23,299,199860,76.49
ASHIMASYN,EQ,13-Oct-2016,14.95,14.95,14.95,13.75,14.00,14.00,14.21,188892,26.84,440,129741,68.69
ASHIMASYN,EQ,14-Oct-2016,14.00,14.20,14.70,13.35,13.55,13.50,13.84,316776,43.86,413,262213,82.78
ASHIMASYN,EQ,17-Oct-2016,13.50,13.90,14.70,13.30,13.95,13.65,13.86,471429,65.35,761,299017,63.43
ASHIMASYN,EQ,18-Oct-2016,13.65,13.95,15.00,13.80,14.85,14.90,14.67,426726,62.58,1007,232088,54.39
ASHIMASYN,EQ,19-Oct-2016,14.90,15.05,15.20,14.65,14.80,14.90,14.98,436637,65.40,400,377991,86.57
ASHIMASYN,EQ,20-Oct-2016,14.90,15.10,17.35,15.10,17.05,16.85,16.61,1105100,183.60,2652,499572,45.21
ASHIMASYN,EQ,21-Oct-2016,16.85,18.25,18.95,17.35,17.60,17.55,18.10,740732,134.08,2425,357787,48.30
ASHIMASYN,EQ,24-Oct-2016,17.55,17.55,18.30,17.55,18.25,18.10,18.07,408646,73.85,1023,251065,61.44
ASHIMASYN,EQ,25-Oct-2016,18.10,18.15,19.75,17.75,19.40,19.40,18.91,1579795,298.80,2302,747786,47.33
ASHIMASYN,EQ,26-Oct-2016,19.40,19.45,20.30,19.00,19.65,19.45,19.77,858285,169.72,2036,541799,63.13
ASHIMASYN,EQ,27-Oct-2016,19.45,19.40,19.60,18.10,19.00,18.75,18.72,297380,55.68,844,106108,35.68
ASHIMASYN,EQ,28-Oct-2016,18.75,18.75,19.40,17.90,19.40,19.00,18.80,432422,81.30,1041,215628,49.87
ASHIMASYN,EQ,30-Oct-2016,19.00,19.45,20.20,19.15,19.45,19.35,19.53,443026,86.51,711,342492,77.31
ASHIMASYN,EQ,01-Nov-2016,19.35,19.35,19.95,19.00,19.45,19.35,19.41,351488,68.23,527,250475,71.26
ASHIMASYN,EQ,02-Nov-2016,19.35,19.00,19.00,17.80,18.00,18.05,18.31,271262,49.67,692,213058,78.54
ASHIMASYN,EQ,03-Nov-2016,18.05,18.05,18.25,14.80,15.00,15.15,15.83,1460488,231.24,2585,953700,65.30
ASHIMASYN,EQ,04-Nov-2016,15.15,15.50,15.95,14.80,15.75,15.45,15.23,381516,58.12,1030,280231,73.45
ASHIMASYN,EQ,07-Nov-2016,15.45,15.35,17.90,15.35,16.60,16.60,16.93,496827,84.11,1120,253955,51.12
ASHIMASYN,EQ,08-Nov-2016,16.60,16.90,17.50,15.20,15.50,15.40,15.76,744108,117.25,1607,441100,59.28
ASHIMASYN,EQ,09-Nov-2016,15.40,14.10,15.70,12.55,15.50,15.25,14.34,454510,65.16,1630,268986,59.18
ASHIMASYN,EQ,10-Nov-2016,15.25,15.90,16.75,14.75,14.90,15.05,15.62,419857,65.58,1226,238416,56.79
ASHIMASYN,EQ,11-Nov-2016,15.05,14.75,15.15,14.35,14.55,14.65,14.68,162064,23.79,527,98332,60.67
ASHIMASYN,EQ,15-Nov-2016,14.65,14.85,15.00,13.55,13.75,13.70,13.87,153420,21.29,528,117756,76.75
ASHIMASYN,EQ,16-Nov-2016,13.70,14.35,14.40,13.30,13.50,13.50,13.68,280386,38.36,585,220647,78.69
ASHIMASYN,EQ,17-Nov-2016,13.50,13.85,13.95,13.30,13.70,13.55,13.59,137581,18.70,549,95470,69.39
ASHIMASYN,EQ,18-Nov-2016,13.55,13.85,14.20,13.25,14.00,13.80,13.85,96229,13.33,335,68356,71.03
ASHIMASYN,EQ,21-Nov-2016,13.80,13.65,13.80,12.85,12.85,12.90,13.14,140791,18.50,377,104759,74.41
ASHIMASYN,EQ,22-Nov-2016,12.90,13.35,14.20,12.80,13.25,13.20,13.24,212357,28.11,675,107360,50.56
ASHIMASYN,EQ,23-Nov-2016,13.20,13.50,13.50,13.00,13.30,13.35,13.23,97975,12.96,288,71126,72.60
ASHIMASYN,EQ,24-Nov-2016,13.35,13.20,14.20,13.20,13.65,13.65,13.77,117410,16.17,484,69170,58.91
ASHIMASYN,EQ,25-Nov-2016,13.65,13.90,14.75,13.70,14.70,14.65,14.35,263965,37.89,652,163151,61.81
ASHIMASYN,EQ,28-Nov-2016,14.65,14.50,15.15,14.50,14.70,14.65,14.90,205738,30.65,506,157425,76.52
ASHIMASYN,EQ,29-Nov-2016,14.65,14.90,16.05,14.70,15.30,15.25,15.45,348986,53.91,980,123510,35.39
ASHIMASYN,EQ,30-Nov-2016,15.25,15.40,15.75,14.65,15.10,15.20,15.22,94545,14.39,462,54556,57.70
ASHIMASYN,EQ,01-Dec-2016,15.20,15.00,15.45,14.75,14.80,14.85,15.01,75890,11.39,282,56993,75.10
ASHIMASYN,EQ,02-Dec-2016,14.85,14.70,15.60,14.25,14.85,14.80,15.08,136568,20.59,440,82407,60.34
ASHIMASYN,EQ,05-Dec-2016,14.80,14.80,15.05,14.50,14.95,14.80,14.84,46191,6.86,150,38524,83.40
ASHIMASYN,EQ,06-Dec-2016,14.80,14.65,15.15,14.65,14.80,14.85,14.94,84898,12.68,196,70555,83.11
ASHIMASYN,EQ,07-Dec-2016,14.85,15.10,15.10,14.40,14.40,14.70,14.86,83745,12.45,193,72344,86.39
ASHIMASYN,EQ,08-Dec-2016,14.70,14.55,15.40,14.55,15.20,15.15,15.08,58058,8.76,156,38628,66.53
ASHIMASYN,EQ,09-Dec-2016,15.15,15.35,15.35,14.90,15.00,15.00,15.11,20463,3.09,73,17950,87.72
ASHIMASYN,EQ,12-Dec-2016,15.00,15.00,15.25,14.70,14.90,15.05,14.97,32453,4.86,159,23966,73.85
ASHIMASYN,EQ,13-Dec-2016,15.05,15.05,15.20,14.65,14.80,14.85,14.92,20852,3.11,74,11051,53.00
ASHIMASYN,EQ,14-Dec-2016,14.85,14.85,14.95,14.65,14.90,14.75,14.78,30816,4.55,75,27997,90.85
ASHIMASYN,EQ,15-Dec-2016,14.75,14.50,15.50,14.50,14.90,14.90,15.05,127671,19.22,220,87249,68.34
ASHIMASYN,EQ,16-Dec-2016,14.90,15.10,15.15,14.70,14.85,14.75,14.80,57517,8.51,116,50803,88.33
ASHIMASYN,EQ,19-Dec-2016,14.75,14.90,14.95,14.65,14.65,14.75,14.77,24566,3.63,55,20910,85.12
ASHIMASYN,EQ,20-Dec-2016,14.75,14.90,15.00,14.60,14.75,14.75,14.70,54920,8.07,118,46244,84.20
ASHIMASYN,EQ,21-Dec-2016,14.75,14.60,14.80,14.50,14.60,14.60,14.62,32630,4.77,58,28385,86.99
ASHIMASYN,EQ,22-Dec-2016,14.60,14.40,14.65,13.85,14.10,14.00,14.13,70456,9.96,185,56054,79.56
ASHIMASYN,EQ,23-Dec-2016,14.00,13.80,14.40,13.80,14.05,14.00,14.16,51776,7.33,128,40366,77.96
ASHIMASYN,EQ,26-Dec-2016,14.00,13.80,13.80,13.10,13.60,13.60,13.50,71143,9.61,198,47245,66.41
ASHIMASYN,EQ,27-Dec-2016,13.60,13.60,13.85,13.30,13.75,13.70,13.53,70822,9.58,124,57412,81.07
ASHIMASYN,EQ,28-Dec-2016,13.70,13.95,14.15,13.70,13.90,13.80,13.94,40024,5.58,95,30400,75.95
ASHIMASYN,EQ,29-Dec-2016,13.80,13.80,13.90,13.60,13.80,13.80,13.69,26864,3.68,71,20620,76.76
ASHIMASYN,EQ,30-Dec-2016,13.80,13.95,14.20,13.80,13.95,14.05,14.00,56785,7.95,157,42541,74.92
